-------------------------------------------
[ 10020,
  10080,
  10060,
  10020,
  10000,
  10010,
  10210,
  10220,
  10210,
  10220,
  10210,
  10220,
  10180,
  10160,
  10120,
  10180,
  10240,
  10260,
  10240,
  10160,
  10140,
  10100,
  10090,
  10070,
  10060,
  10000,
  10020,
  10040,
  10080,
  10060,
  10050,
  10030,
  10070,
  10030,
  10050,
  10030,
  10070,
  10130,
  10150,
  10210,
  10250,
  10270,
  10290,
  10310,
  10350,
  10370,
  10290,
  10350,
  10370,
  10350,
  10270,
  10230,
  10170,
  10190,
  10130,
  10140,
  9980,
  9920,
  9820,
  9840,
  9780,
  9820,
  9740,
  9780,
  9760,
  9780,
  9740,
  9760,
  9740,
  9760,
  9800,
  9920,
  9940,
  10020,
  10040,
  10320,
  10420,
  10440,
  10500,
  10540,
  10560,
  10520,
  10480,
  10540,
  10380,
  10420,
  10380,
  10360,
  10440,
  10480,
  10420,
  10460,
  10520,
  10500,
  10460,
  10440,
  10500,
  10440,
  10420,
  10460,
  10520,
  10340,
  10300,
  10280,
  10220,
  9920,
  9860,
  9900,
  10020,
  9980,
  10020,
  10080,
  10040,
  10160,
  10200,
  10300,
  10360,
  10300,
  10080,
  10000,
  10080,
  10060,
  10080,
  9880,
  9780,
  9700,
  9620,
  9700]
{ (0, 1, 0, 0, 0, 0, 'call'): 1.0,
  (0, 1, 0, 0, 0, 0, 'fold'): 0.0,
  (0, 1, 0, 0, 0, 0, 'raise'): 0.0,
  (0, 1, 6, 0, 0, 0, 'call'): 0.0,
  (0, 1, 6, 0, 0, 0, 'fold'): 0.0,
  (0, 1, 6, 0, 0, 0, 'raise'): 1.0,
  (0, 2, 0, 0, 0, 0, 'call'): 0.0,
  (0, 2, 0, 0, 0, 0, 'fold'): 0.0,
  (0, 2, 0, 0, 0, 0, 'raise'): 1.0,
  (0, 2, 6, 0, 0, 0, 'call'): 0.5,
  (0, 2, 6, 0, 0, 0, 'fold'): 0.0,
  (0, 2, 6, 0, 0, 0, 'raise'): 0.5,
  (0, 2, 10, 0, 0, 0, 'call'): 1.0,
  (0, 2, 10, 0, 0, 0, 'fold'): 0.0,
  (0, 2, 10, 0, 0, 0, 'raise'): 0.0,
  (0, 3, 0, 0, 0, 0, 'call'): 0.0,
  (0, 3, 0, 0, 0, 0, 'fold'): 0.0,
  (0, 3, 0, 0, 0, 0, 'raise'): 1.0,
  (0, 3, 6, 0, 0, 0, 'call'): 0.5,
  (0, 3, 6, 0, 0, 0, 'fold'): 0.0,
  (0, 3, 6, 0, 0, 0, 'raise'): 0.5,
  (0, 3, 10, 0, 0, 0, 'call'): 0.35699982587497825,
  (0, 3, 10, 0, 0, 0, 'fold'): 0.0,
  (0, 3, 10, 0, 0, 0, 'raise'): 0.6430001741250219,
  (0, 4, 0, 0, 0, 0, 'call'): 1.0,
  (0, 4, 0, 0, 0, 0, 'fold'): 0.0,
  (0, 4, 0, 0, 0, 0, 'raise'): 0.0,
  (0, 4, 6, 0, 0, 0, 'call'): 0.2890625,
  (0, 4, 6, 0, 0, 0, 'fold'): 0.2890625,
  (0, 4, 6, 0, 0, 0, 'raise'): 0.421875,
  (0, 4, 10, 0, 0, 0, 'call'): 0.0,
  (0, 4, 10, 0, 0, 0, 'fold'): 0.0,
  (0, 4, 10, 0, 0, 0, 'raise'): 1.0,
  (0, 4, 106, 0, 0, 0, 'call'): 1.0,
  (0, 4, 106, 0, 0, 0, 'fold'): 0.0,
  (0, 4, 106, 0, 0, 0, 'raise'): -1,
  (0, 5, 0, 0, 0, 0, 'call'): 0.0,
  (0, 5, 0, 0, 0, 0, 'fold'): 0.0,
  (0, 5, 0, 0, 0, 0, 'raise'): 1.0,
  (0, 5, 10, 0, 0, 0, 'call'): 1.0,
  (0, 5, 10, 0, 0, 0, 'fold'): 0.0,
  (0, 5, 10, 0, 0, 0, 'raise'): 0.0,
  (0, 7, 5, 0, 0, 0, 'call'): 1.0,
  (0, 7, 5, 0, 0, 0, 'fold'): 0.0,
  (0, 7, 5, 0, 0, 0, 'raise'): 0.0,
  (0, 7, 105, 0, 0, 0, 'call'): 1.0,
  (0, 7, 105, 0, 0, 0, 'fold'): 0.0,
  (0, 7, 105, 0, 0, 0, 'raise'): 0.0,
  (0, 8, 5, 0, 0, 0, 'call'): 1.0,
  (0, 8, 5, 0, 0, 0, 'fold'): 0.0,
  (0, 8, 5, 0, 0, 0, 'raise'): 0.0,
  (0, 10, 5, 0, 0, 0, 'call'): 0.0,
  (0, 10, 5, 0, 0, 0, 'fold'): 0.0,
  (0, 10, 5, 0, 0, 0, 'raise'): 1.0,
  (0, 11, 5, 0, 0, 0, 'call'): 0.5,
  (0, 11, 5, 0, 0, 0, 'fold'): 0.5,
  (0, 11, 5, 0, 0, 0, 'raise'): 0.0,
  (0, 11, 5, 10, 0, 0, 'call'): 0.0,
  (0, 11, 5, 10, 0, 0, 'fold'): 0.5,
  (0, 11, 5, 10, 0, 0, 'raise'): 0.5,
  (0, 13, 41, 0, 0, 0, 'call'): 1.0,
  (0, 13, 41, 0, 0, 0, 'fold'): 0.0,
  (0, 13, 41, 0, 0, 0, 'raise'): 0.0,
  (0, 14, 9, 0, 0, 0, 'call'): 0.0,
  (0, 14, 9, 0, 0, 0, 'fold'): 0.0,
  (0, 14, 9, 0, 0, 0, 'raise'): 1.0,
  (0, 14, 41, 0, 0, 0, 'call'): 1.0,
  (0, 14, 41, 0, 0, 0, 'fold'): 0.0,
  (0, 14, 41, 0, 0, 0, 'raise'): 0.0,
  (0, 14, 41, 6, 0, 0, 'call'): 0.0,
  (0, 14, 41, 6, 0, 0, 'fold'): 0.0,
  (0, 14, 41, 6, 0, 0, 'raise'): 1.0,
  (0, 15, 9, 0, 0, 0, 'call'): 0.0,
  (0, 15, 9, 0, 0, 0, 'fold'): 0.5,
  (0, 15, 9, 0, 0, 0, 'raise'): 0.5,
  (0, 15, 9, 6, 0, 0, 'call'): 0.0,
  (0, 15, 9, 6, 0, 0, 'fold'): 0.5,
  (0, 15, 9, 6, 0, 0, 'raise'): 0.5,
  (0, 16, 169, 0, 0, 0, 'call'): 0.5,
  (0, 16, 169, 0, 0, 0, 'fold'): 0.0,
  (0, 16, 169, 0, 0, 0, 'raise'): 0.5,
  (0, 17, 9, 0, 0, 0, 'call'): 0.5,
  (0, 17, 9, 0, 0, 0, 'fold'): 0.0,
  (0, 17, 9, 0, 0, 0, 'raise'): 0.5,
  (0, 17, 41, 0, 0, 0, 'call'): 0.6388888888888888,
  (0, 17, 41, 0, 0, 0, 'fold'): 0.0,
  (0, 17, 41, 0, 0, 0, 'raise'): 0.36111111111111116,
  (0, 17, 41, 10, 0, 0, 'call'): 0.0,
  (0, 17, 41, 10, 0, 0, 'fold'): 0.5,
  (0, 17, 41, 10, 0, 0, 'raise'): 0.5,
  (0, 19, 9, 0, 0, 0, 'call'): 0.0,
  (0, 19, 9, 0, 0, 0, 'fold'): 0.5,
  (0, 19, 9, 0, 0, 0, 'raise'): 0.5,
  (0, 19, 9, 6, 0, 0, 'call'): 0.0,
  (0, 19, 9, 6, 0, 0, 'fold'): 0.5,
  (0, 19, 9, 6, 0, 0, 'raise'): 0.5,
  (0, 20, 9, 0, 0, 0, 'call'): 0.18421052631578952,
  (0, 20, 9, 0, 0, 0, 'fold'): 0.0,
  (0, 20, 9, 0, 0, 0, 'raise'): 0.8157894736842105,
  (0, 20, 41, 0, 0, 0, 'call'): 0.5,
  (0, 20, 41, 0, 0, 0, 'fold'): 0.0,
  (0, 20, 41, 0, 0, 0, 'raise'): 0.5,
  (0, 21, 9, 0, 0, 0, 'call'): 0.0,
  (0, 21, 9, 0, 0, 0, 'fold'): 0.0,
  (0, 21, 9, 0, 0, 0, 'raise'): 1.0,
  (0, 22, 9, 0, 0, 0, 'call'): 0.0,
  (0, 22, 9, 0, 0, 0, 'fold'): 0.0,
  (0, 22, 9, 0, 0, 0, 'raise'): 1.0,
  (0, 22, 9, 10, 0, 0, 'call'): 1.0,
  (0, 22, 9, 10, 0, 0, 'fold'): 0.0,
  (0, 22, 9, 10, 0, 0, 'raise'): 0.0,
  (0, 22, 169, 0, 0, 0, 'call'): 0.5,
  (0, 22, 169, 0, 0, 0, 'fold'): 0.5,
  (0, 22, 169, 0, 0, 0, 'raise'): 0.0,
  (0, 22, 169, 10, 0, 0, 'call'): 0.0,
  (0, 22, 169, 10, 0, 0, 'fold'): 0.5,
  (0, 22, 169, 10, 0, 0, 'raise'): 0.5,
  (0, 23, 9, 0, 0, 0, 'call'): 1.0,
  (0, 23, 9, 0, 0, 0, 'fold'): 0.0,
  (0, 23, 9, 0, 0, 0, 'raise'): 0.0,
  (0, 23, 9, 6, 0, 0, 'call'): 0.5,
  (0, 23, 9, 6, 0, 0, 'fold'): 0.0,
  (0, 23, 9, 6, 0, 0, 'raise'): 0.5,
  (0, 25, 9, 0, 0, 0, 'call'): 0.5,
  (0, 25, 9, 0, 0, 0, 'fold'): 0.0,
  (0, 25, 9, 0, 0, 0, 'raise'): 0.5,
  (0, 25, 425, 0, 0, 0, 'call'): 0.5,
  (0, 25, 425, 0, 0, 0, 'fold'): 0.0,
  (0, 25, 425, 0, 0, 0, 'raise'): 0.5,
  (0, 26, 5, 0, 0, 0, 'call'): 0.33333333333333337,
  (0, 26, 5, 0, 0, 0, 'fold'): 0.0,
  (0, 26, 5, 0, 0, 0, 'raise'): 0.6666666666666666,
  (0, 26, 169, 0, 0, 0, 'call'): 1.0,
  (0, 26, 169, 0, 0, 0, 'fold'): 0.0,
  (0, 26, 169, 0, 0, 0, 'raise'): 0.0,
  (0, 27, 5, 0, 0, 0, 'call'): 0.0,
  (0, 27, 5, 0, 0, 0, 'fold'): 0.5,
  (0, 27, 5, 0, 0, 0, 'raise'): 0.5,
  (0, 27, 5, 6, 0, 0, 'call'): 0.5,
  (0, 27, 5, 6, 0, 0, 'fold'): 0.0,
  (0, 27, 5, 6, 0, 0, 'raise'): 0.5,
  (0, 27, 425, 0, 0, 0, 'call'): 0.5,
  (0, 27, 425, 0, 0, 0, 'fold'): 0.0,
  (0, 27, 425, 0, 0, 0, 'raise'): 0.5,
  (0, 32, 9, 0, 0, 0, 'call'): 0.0,
  (0, 32, 9, 0, 0, 0, 'fold'): 0.0,
  (0, 32, 9, 0, 0, 0, 'raise'): 1.0,
  (0, 33, 9, 0, 0, 0, 'call'): 0.0,
  (0, 33, 9, 0, 0, 0, 'fold'): 0.0,
  (0, 33, 9, 0, 0, 0, 'raise'): 1.0,
  (0, 33, 41, 0, 0, 0, 'call'): 1.0,
  (0, 33, 41, 0, 0, 0, 'fold'): 0.0,
  (0, 33, 41, 0, 0, 0, 'raise'): 0.0,
  (0, 33, 41, 6, 0, 0, 'call'): 1.0,
  (0, 33, 41, 6, 0, 0, 'fold'): 0.0,
  (0, 33, 41, 6, 0, 0, 'raise'): 0.0,
  (0, 34, 5, 0, 0, 0, 'call'): 0.5,
  (0, 34, 5, 0, 0, 0, 'fold'): 0.0,
  (0, 34, 5, 0, 0, 0, 'raise'): 0.5,
  (0, 34, 169, 0, 0, 0, 'call'): 0.5,
  (0, 34, 169, 0, 0, 0, 'fold'): 0.0,
  (0, 34, 169, 0, 0, 0, 'raise'): 0.5,
  (0, 35, 9, 0, 0, 0, 'call'): 0.0,
  (0, 35, 9, 0, 0, 0, 'fold'): 0.5,
  (0, 35, 9, 0, 0, 0, 'raise'): 0.5,
  (0, 35, 9, 6, 0, 0, 'call'): 0.0,
  (0, 35, 9, 6, 0, 0, 'fold'): 0.5,
  (0, 35, 9, 6, 0, 0, 'raise'): 0.5,
  (0, 52, 5, 5, 0, 0, 'call'): 0.0,
  (0, 52, 5, 5, 0, 0, 'fold'): 0.0,
  (0, 52, 5, 5, 0, 0, 'raise'): 1.0,
  (0, 68, 5, 41, 0, 0, 'call'): 0.5,
  (0, 68, 5, 41, 0, 0, 'fold'): 0.0,
  (0, 68, 5, 41, 0, 0, 'raise'): 0.5,
  (0, 79, 41, 5, 0, 0, 'call'): 1.0,
  (0, 79, 41, 5, 0, 0, 'fold'): 0.0,
  (0, 79, 41, 5, 0, 0, 'raise'): 0.0,
  (0, 89, 41, 105, 0, 0, 'call'): 1.0,
  (0, 89, 41, 105, 0, 0, 'fold'): 0.0,
  (0, 89, 41, 105, 0, 0, 'raise'): 0.0,
  (0, 94, 9, 25, 0, 0, 'call'): 0.5,
  (0, 94, 9, 25, 0, 0, 'fold'): 0.5,
  (0, 94, 9, 25, 0, 0, 'raise'): 0.0,
  (0, 106, 41, 41, 0, 0, 'call'): 0.5,
  (0, 106, 41, 41, 0, 0, 'fold'): 0.0,
  (0, 106, 41, 41, 0, 0, 'raise'): 0.5,
  (0, 116, 9, 25, 0, 0, 'call'): 0.5,
  (0, 116, 9, 25, 0, 0, 'fold'): 0.0,
  (0, 116, 9, 25, 0, 0, 'raise'): 0.5,
  (0, 122, 9, 5, 0, 0, 'call'): 0.5,
  (0, 122, 9, 5, 0, 0, 'fold'): 0.5,
  (0, 122, 9, 5, 0, 0, 'raise'): 0.0,
  (0, 122, 9, 5, 10, 0, 'call'): 0.5,
  (0, 122, 9, 5, 10, 0, 'fold'): 0.5,
  (0, 122, 9, 5, 10, 0, 'raise'): 0.0,
  (0, 122, 9, 5, 170, 0, 'call'): 1.0,
  (0, 122, 9, 5, 170, 0, 'fold'): 0.0,
  (0, 122, 9, 5, 170, 0, 'raise'): -1,
  (0, 130, 9, 5, 0, 0, 'call'): 0.5,
  (0, 130, 9, 5, 0, 0, 'fold'): 0.0,
  (0, 130, 9, 5, 0, 0, 'raise'): 0.5,
  (0, 134, 9, 41, 0, 0, 'call'): 1.0,
  (0, 134, 9, 41, 0, 0, 'fold'): 0.0,
  (0, 134, 9, 41, 0, 0, 'raise'): 0.0,
  (0, 136, 169, 41, 0, 0, 'call'): 0.5,
  (0, 136, 169, 41, 0, 0, 'fold'): 0.5,
  (0, 136, 169, 41, 0, 0, 'raise'): 0.0,
  (0, 159, 5, 9, 0, 0, 'call'): 1.0,
  (0, 159, 5, 9, 0, 0, 'fold'): 0.0,
  (0, 159, 5, 9, 0, 0, 'raise'): 0.0,
  (0, 159, 5, 9, 6, 0, 'call'): 0.0,
  (0, 159, 5, 9, 6, 0, 'fold'): 0.0,
  (0, 159, 5, 9, 6, 0, 'raise'): 1.0,
  (0, 160, 169, 5, 0, 0, 'call'): 0.0,
  (0, 160, 169, 5, 0, 0, 'fold'): 0.0,
  (0, 160, 169, 5, 0, 0, 'raise'): 1.0,
  (0, 160, 169, 5, 10, 0, 'call'): 0.0,
  (0, 160, 169, 5, 10, 0, 'fold'): 0.0,
  (0, 160, 169, 5, 10, 0, 'raise'): 1.0,
  (0, 194, 9, 9, 0, 0, 'call'): 0.0,
  (0, 194, 9, 9, 0, 0, 'fold'): 0.5,
  (0, 194, 9, 9, 0, 0, 'raise'): 0.5,
  (0, 194, 9, 9, 6, 0, 'call'): 0.0,
  (0, 194, 9, 9, 6, 0, 'fold'): 0.5,
  (0, 194, 9, 9, 6, 0, 'raise'): 0.5,
  (0, 201, 41, 25, 0, 0, 'call'): 0.0,
  (0, 201, 41, 25, 0, 0, 'fold'): 0.0,
  (0, 201, 41, 25, 0, 0, 'raise'): 1.0,
  (0, 215, 9, 25, 0, 0, 'call'): 0.5,
  (0, 215, 9, 25, 0, 0, 'fold'): 0.0,
  (0, 215, 9, 25, 0, 0, 'raise'): 0.5,
  (0, 478, 41, 5, 5, 0, 'call'): 0.0,
  (0, 478, 41, 5, 5, 0, 'fold'): 0.0,
  (0, 478, 41, 5, 5, 0, 'raise'): 1.0,
  (0, 535, 41, 105, 5, 0, 'call'): 1.0,
  (0, 535, 41, 105, 5, 0, 'fold'): 0.0,
  (0, 535, 41, 105, 5, 0, 'raise'): 0.0,
  (0, 566, 9, 25, 9, 0, 'call'): 0.5,
  (0, 566, 9, 25, 9, 0, 'fold'): 0.0,
  (0, 566, 9, 25, 9, 0, 'raise'): 0.5,
  (0, 820, 169, 41, 9, 0, 'call'): 1.0,
  (0, 820, 169, 41, 9, 0, 'fold'): 0.0,
  (0, 820, 169, 41, 9, 0, 'raise'): -1,
  (0, 957, 5, 9, 105, 0, 'call'): 1.0,
  (0, 957, 5, 9, 105, 0, 'fold'): 0.0,
  (0, 957, 5, 9, 105, 0, 'raise'): 0.0,
  (0, 963, 169, 5, 169, 0, 'call'): 1.0,
  (0, 963, 169, 5, 169, 0, 'fold'): 0.0,
  (0, 963, 169, 5, 169, 0, 'raise'): -1,
  (0, 1168, 9, 9, 25, 0, 'call'): 0.5,
  (0, 1168, 9, 9, 25, 0, 'fold'): 0.5,
  (0, 1168, 9, 9, 25, 0, 'raise'): 0.0,
  (0, 1168, 9, 9, 25, 10, 'call'): 0.5,
  (0, 1168, 9, 9, 25, 10, 'fold'): 0.5,
  (0, 1168, 9, 9, 25, 10, 'raise'): 0.0,
  (0, 1168, 9, 9, 25, 170, 'call'): 1.0,
  (0, 1168, 9, 9, 25, 170, 'fold'): 0.0,
  (0, 1168, 9, 9, 25, 170, 'raise'): -1,
  (1, 1, 1, 0, 0, 0, 'call'): 0.3594261228254916,
  (1, 1, 1, 0, 0, 0, 'fold'): 0.6405738771745085,
  (1, 1, 1, 0, 0, 0, 'raise'): 0.0,
  (1, 1, 2, 0, 0, 0, 'call'): 1.0,
  (1, 1, 2, 0, 0, 0, 'fold'): 0.0,
  (1, 1, 2, 0, 0, 0, 'raise'): 0.0,
  (1, 1, 42, 0, 0, 0, 'call'): 1.0,
  (1, 1, 42, 0, 0, 0, 'fold'): 0.0,
  (1, 1, 42, 0, 0, 0, 'raise'): -1,
  (1, 2, 1, 0, 0, 0, 'call'): 1.0,
  (1, 2, 1, 0, 0, 0, 'fold'): 0.0,
  (1, 2, 1, 0, 0, 0, 'raise'): 0.0,
  (1, 2, 2, 0, 0, 0, 'call'): 0.0,
  (1, 2, 2, 0, 0, 0, 'fold'): 0.0,
  (1, 2, 2, 0, 0, 0, 'raise'): 1.0,
  (1, 2, 42, 0, 0, 0, 'call'): 1.0,
  (1, 2, 42, 0, 0, 0, 'fold'): 0.0,
  (1, 2, 42, 0, 0, 0, 'raise'): -1,
  (1, 3, 1, 0, 0, 0, 'call'): 1.0,
  (1, 3, 1, 0, 0, 0, 'fold'): 0.0,
  (1, 3, 1, 0, 0, 0, 'raise'): 0.0,
  (1, 3, 2, 0, 0, 0, 'call'): 0.07142857142857141,
  (1, 3, 2, 0, 0, 0, 'fold'): 0.9285714285714286,
  (1, 3, 2, 0, 0, 0, 'raise'): 0.0,
  (1, 3, 26, 0, 0, 0, 'call'): 1.0,
  (1, 3, 26, 0, 0, 0, 'fold'): 0.0,
  (1, 3, 26, 0, 0, 0, 'raise'): 0.0,
  (1, 4, 1, 0, 0, 0, 'call'): 0.75,
  (1, 4, 1, 0, 0, 0, 'fold'): 0.125,
  (1, 4, 1, 0, 0, 0, 'raise'): 0.125,
  (1, 4, 2, 0, 0, 0, 'call'): 1.0,
  (1, 4, 2, 0, 0, 0, 'fold'): 0.0,
  (1, 4, 2, 0, 0, 0, 'raise'): 0.0,
  (1, 5, 1, 0, 0, 0, 'call'): 1.0,
  (1, 5, 1, 0, 0, 0, 'fold'): 0.0,
  (1, 5, 1, 0, 0, 0, 'raise'): 0.0,
  (1, 5, 2, 0, 0, 0, 'call'): 0.0,
  (1, 5, 2, 0, 0, 0, 'fold'): 0.0,
  (1, 5, 2, 0, 0, 0, 'raise'): 1.0,
  (1, 5, 26, 0, 0, 0, 'call'): 0.0,
  (1, 5, 26, 0, 0, 0, 'fold'): 0.5,
  (1, 5, 26, 0, 0, 0, 'raise'): 0.5,
  (1, 5, 42, 0, 0, 0, 'call'): 1.0,
  (1, 5, 42, 0, 0, 0, 'fold'): 0.0,
  (1, 5, 42, 0, 0, 0, 'raise'): -1,
  (1, 7, 5, 1, 0, 0, 'call'): 0.5,
  (1, 7, 5, 1, 0, 0, 'fold'): 0.0,
  (1, 7, 5, 1, 0, 0, 'raise'): 0.5,
  (1, 7, 9, 1, 0, 0, 'call'): 0.0,
  (1, 7, 9, 1, 0, 0, 'fold'): 0.0,
  (1, 7, 9, 1, 0, 0, 'raise'): 1.0,
  (1, 8, 25, 2, 0, 0, 'call'): 0.0,
  (1, 8, 25, 2, 0, 0, 'fold'): 0.5,
  (1, 8, 25, 2, 0, 0, 'raise'): 0.5,
  (1, 9, 5, 1, 0, 0, 'call'): 0.5,
  (1, 9, 5, 1, 0, 0, 'fold'): 0.0,
  (1, 9, 5, 1, 0, 0, 'raise'): 0.5,
  (1, 9, 5, 2, 0, 0, 'call'): 1.0,
  (1, 9, 5, 2, 0, 0, 'fold'): 0.0,
  (1, 9, 5, 2, 0, 0, 'raise'): 0.0,
  (1, 9, 9, 2, 0, 0, 'call'): 0.5,
  (1, 9, 9, 2, 0, 0, 'fold'): 0.5,
  (1, 9, 9, 2, 0, 0, 'raise'): 0.0,
  (1, 10, 5, 1, 0, 0, 'call'): 0.0,
  (1, 10, 5, 1, 0, 0, 'fold'): 0.0,
  (1, 10, 5, 1, 0, 0, 'raise'): 1.0,
  (1, 10, 5, 2, 0, 0, 'call'): 0.0,
  (1, 10, 5, 2, 0, 0, 'fold'): 0.5,
  (1, 10, 5, 2, 0, 0, 'raise'): 0.5,
  (1, 11, 5, 2, 0, 0, 'call'): 0.0,
  (1, 11, 5, 2, 0, 0, 'fold'): 0.5,
  (1, 11, 5, 2, 0, 0, 'raise'): 0.5,
  (1, 14, 25, 1, 0, 0, 'call'): 0.5,
  (1, 14, 25, 1, 0, 0, 'fold'): 0.0,
  (1, 14, 25, 1, 0, 0, 'raise'): 0.5,
  (1, 15, 5, 2, 0, 0, 'call'): 1.0,
  (1, 15, 5, 2, 0, 0, 'fold'): 0.0,
  (1, 15, 5, 2, 0, 0, 'raise'): 0.0,
  (1, 16, 5, 2, 0, 0, 'call'): 1.0,
  (1, 16, 5, 2, 0, 0, 'fold'): 0.0,
  (1, 16, 5, 2, 0, 0, 'raise'): 0.0,
  (1, 16, 41, 2, 0, 0, 'call'): 1.0,
  (1, 16, 41, 2, 0, 0, 'fold'): 0.0,
  (1, 16, 41, 2, 0, 0, 'raise'): 0.0,
  (1, 16, 169, 1, 0, 0, 'call'): 0.0,
  (1, 16, 169, 1, 0, 0, 'fold'): 0.5,
  (1, 16, 169, 1, 0, 0, 'raise'): 0.5,
  (1, 16, 169, 2, 0, 0, 'call'): 0.0,
  (1, 16, 169, 2, 0, 0, 'fold'): 0.5,
  (1, 16, 169, 2, 0, 0, 'raise'): 0.5,
  (1, 17, 5, 1, 0, 0, 'call'): 0.5,
  (1, 17, 5, 1, 0, 0, 'fold'): 0.0,
  (1, 17, 5, 1, 0, 0, 'raise'): 0.5,
  (1, 19, 25, 2, 0, 0, 'call'): 0.5,
  (1, 19, 25, 2, 0, 0, 'fold'): 0.0,
  (1, 19, 25, 2, 0, 0, 'raise'): 0.5,
  (1, 20, 5, 2, 0, 0, 'call'): 0.0,
  (1, 20, 5, 2, 0, 0, 'fold'): 0.0,
  (1, 20, 5, 2, 0, 0, 'raise'): 1.0,
  (1, 20, 25, 1, 0, 0, 'call'): 0.5,
  (1, 20, 25, 1, 0, 0, 'fold'): 0.0,
  (1, 20, 25, 1, 0, 0, 'raise'): 0.5,
  (1, 22, 5, 1, 0, 0, 'call'): 0.0,
  (1, 22, 5, 1, 0, 0, 'fold'): 0.0,
  (1, 22, 5, 1, 0, 0, 'raise'): 1.0,
  (1, 22, 5, 26, 0, 0, 'call'): 1.0,
  (1, 22, 5, 26, 0, 0, 'fold'): 0.0,
  (1, 22, 5, 26, 0, 0, 'raise'): 0.0,
  (1, 23, 9, 1, 0, 0, 'call'): 0.5,
  (1, 23, 9, 1, 0, 0, 'fold'): 0.0,
  (1, 23, 9, 1, 0, 0, 'raise'): 0.5,
  (1, 23, 41, 1, 0, 0, 'call'): 0.5,
  (1, 23, 41, 1, 0, 0, 'fold'): 0.0,
  (1, 23, 41, 1, 0, 0, 'raise'): 0.5,
  (1, 25, 41, 2, 0, 0, 'call'): 0.5,
  (1, 25, 41, 2, 0, 0, 'fold'): 0.0,
  (1, 25, 41, 2, 0, 0, 'raise'): 0.5,
  (1, 26, 5, 1, 0, 0, 'call'): 1.0,
  (1, 26, 5, 1, 0, 0, 'fold'): 0.0,
  (1, 26, 5, 1, 0, 0, 'raise'): 0.0,
  (1, 26, 5, 2, 0, 0, 'call'): 0.0,
  (1, 26, 5, 2, 0, 0, 'fold'): 0.5,
  (1, 26, 5, 2, 0, 0, 'raise'): 0.5,
  (1, 26, 9, 1, 0, 0, 'call'): 1.0,
  (1, 26, 9, 1, 0, 0, 'fold'): 0.0,
  (1, 26, 9, 1, 0, 0, 'raise'): 0.0,
  (1, 29, 5, 2, 0, 0, 'call'): 0.5,
  (1, 29, 5, 2, 0, 0, 'fold'): 0.0,
  (1, 29, 5, 2, 0, 0, 'raise'): 0.5,
  (1, 31, 5, 1, 0, 0, 'call'): 0.0,
  (1, 31, 5, 1, 0, 0, 'fold'): 0.0,
  (1, 31, 5, 1, 0, 0, 'raise'): 1.0,
  (1, 31, 5, 2, 0, 0, 'call'): 0.5,
  (1, 31, 5, 2, 0, 0, 'fold'): 0.0,
  (1, 31, 5, 2, 0, 0, 'raise'): 0.5,
  (1, 31, 5, 26, 0, 0, 'call'): 1.0,
  (1, 31, 5, 26, 0, 0, 'fold'): 0.0,
  (1, 31, 5, 26, 0, 0, 'raise'): 0.0,
  (1, 32, 5, 2, 0, 0, 'call'): 0.0,
  (1, 32, 5, 2, 0, 0, 'fold'): 0.0,
  (1, 32, 5, 2, 0, 0, 'raise'): 1.0,
  (1, 32, 5, 42, 0, 0, 'call'): 0.0,
  (1, 32, 5, 42, 0, 0, 'fold'): 0.0,
  (1, 32, 5, 42, 0, 0, 'raise'): 1.0,
  (1, 32, 105, 2, 0, 0, 'call'): 0.0,
  (1, 32, 105, 2, 0, 0, 'fold'): 0.5,
  (1, 32, 105, 2, 0, 0, 'raise'): 0.5,
  (1, 35, 5, 2, 0, 0, 'call'): 0.5,
  (1, 35, 5, 2, 0, 0, 'fold'): 0.0,
  (1, 35, 5, 2, 0, 0, 'raise'): 0.5,
  (1, 35, 169, 1, 0, 0, 'call'): 0.0,
  (1, 35, 169, 1, 0, 0, 'fold'): 0.0,
  (1, 35, 169, 1, 0, 0, 'raise'): 1.0,
  (1, 35, 169, 26, 0, 0, 'call'): 0.0,
  (1, 35, 169, 26, 0, 0, 'fold'): 0.0,
  (1, 35, 169, 26, 0, 0, 'raise'): 1.0,
  (1, 49, 25, 9, 1, 0, 'call'): 0.5,
  (1, 49, 25, 9, 1, 0, 'fold'): 0.0,
  (1, 49, 25, 9, 1, 0, 'raise'): 0.5,
  (1, 58, 9, 41, 2, 0, 'call'): 0.5,
  (1, 58, 9, 41, 2, 0, 'fold'): 0.0,
  (1, 58, 9, 41, 2, 0, 'raise'): 0.5,
  (1, 59, 5, 9, 2, 0, 'call'): 0.0,
  (1, 59, 5, 9, 2, 0, 'fold'): 0.0,
  (1, 59, 5, 9, 2, 0, 'raise'): 1.0,
  (1, 59, 5, 9, 42, 0, 'call'): 1.0,
  (1, 59, 5, 9, 42, 0, 'fold'): 0.0,
  (1, 59, 5, 9, 42, 0, 'raise'): 0.0,
  (1, 64, 5, 9, 2, 0, 'call'): 0.5,
  (1, 64, 5, 9, 2, 0, 'fold'): 0.5,
  (1, 64, 5, 9, 2, 0, 'raise'): 0.0,
  (1, 64, 5, 9, 42, 0, 'call'): 0.5,
  (1, 64, 5, 9, 42, 0, 'fold'): 0.5,
  (1, 64, 5, 9, 42, 0, 'raise'): 0.0,
  (1, 69, 5, 9, 1, 0, 'call'): 0.5,
  (1, 69, 5, 9, 1, 0, 'fold'): 0.0,
  (1, 69, 5, 9, 1, 0, 'raise'): 0.5,
  (1, 92, 5, 9, 2, 0, 'call'): 0.0,
  (1, 92, 5, 9, 2, 0, 'fold'): 0.0,
  (1, 92, 5, 9, 2, 0, 'raise'): 1.0,
  (1, 98, 169, 9, 1, 0, 'call'): 0.5,
  (1, 98, 169, 9, 1, 0, 'fold'): 0.5,
  (1, 98, 169, 9, 1, 0, 'raise'): 0.0,
  (1, 100, 169, 5, 1, 0, 'call'): 0.5,
  (1, 100, 169, 5, 1, 0, 'fold'): 0.0,
  (1, 100, 169, 5, 1, 0, 'raise'): 0.5,
  (1, 122, 5, 41, 1, 0, 'call'): 0.5,
  (1, 122, 5, 41, 1, 0, 'fold'): 0.5,
  (1, 122, 5, 41, 1, 0, 'raise'): 0.0,
  (1, 122, 5, 41, 26, 0, 'call'): 0.5,
  (1, 122, 5, 41, 26, 0, 'fold'): 0.5,
  (1, 122, 5, 41, 26, 0, 'raise'): 0.0,
  (1, 122, 5, 41, 426, 0, 'call'): 0.0,
  (1, 122, 5, 41, 426, 0, 'fold'): 1.0,
  (1, 122, 5, 41, 426, 0, 'raise'): -1,
  (1, 160, 5, 5, 1, 0, 'call'): 1.0,
  (1, 160, 5, 5, 1, 0, 'fold'): 0.0,
  (1, 160, 5, 5, 1, 0, 'raise'): 0.0,
  (1, 160, 5, 9, 1, 0, 'call'): 0.5,
  (1, 160, 5, 9, 1, 0, 'fold'): 0.0,
  (1, 160, 5, 9, 1, 0, 'raise'): 0.5,
  (1, 190, 5, 105, 1, 0, 'call'): 1.0,
  (1, 190, 5, 105, 1, 0, 'fold'): 0.0,
  (1, 190, 5, 105, 1, 0, 'raise'): 0.0,
  (1, 194, 105, 9, 2, 0, 'call'): 0.5,
  (1, 194, 105, 9, 2, 0, 'fold'): 0.0,
  (1, 194, 105, 9, 2, 0, 'raise'): 0.5,
  (1, 357, 5, 9, 169, 2, 'call'): 0.0,
  (1, 357, 5, 9, 169, 2, 'fold'): 0.0,
  (1, 357, 5, 9, 169, 2, 'raise'): 1.0,
  (1, 357, 5, 9, 169, 42, 'call'): 1.0,
  (1, 357, 5, 9, 169, 42, 'fold'): 0.0,
  (1, 357, 5, 9, 169, 42, 'raise'): 0.0,
  (1, 386, 5, 9, 681, 1, 'call'): 0.5,
  (1, 386, 5, 9, 681, 1, 'fold'): 0.0,
  (1, 386, 5, 9, 681, 1, 'raise'): 0.5,
  (1, 589, 169, 9, 25, 2, 'call'): 0.0,
  (1, 589, 169, 9, 25, 2, 'fold'): 0.5,
  (1, 589, 169, 9, 25, 2, 'raise'): 0.5,
  (1, 737, 5, 41, 1705, 2, 'call'): 0.5,
  (1, 737, 5, 41, 1705, 2, 'fold'): 0.5,
  (1, 737, 5, 41, 1705, 2, 'raise'): 0.0,
  (1, 737, 5, 41, 1705, 42, 'call'): 0.5,
  (1, 737, 5, 41, 1705, 42, 'fold'): 0.0,
  (1, 737, 5, 41, 1705, 42, 'raise'): 0.5,
  (1, 1144, 5, 105, 5, 1, 'call'): 1.0,
  (1, 1144, 5, 105, 5, 1, 'fold'): 0.0,
  (1, 1144, 5, 105, 5, 1, 'raise'): 0.0}
{ (0, 1, 0, 0, 0, 0): 40.0,
  (0, 1, 1, 0, 0, 0): 40.0,
  (0, 1, 2, 0, 0, 0): 0,
  (0, 1, 3, 0, 0, 0): 0,
  (0, 1, 6, 0, 0, 0): 10.0,
  (0, 1, 7, 0, 0, 0): 20,
  (0, 1, 25, 0, 0, 0): 0,
  (0, 1, 26, 0, 0, 0): 20.0,
  (0, 1, 27, 0, 0, 0): -20,
  (0, 2, 0, 0, 0, 0): -5.5555555555555545,
  (0, 2, 1, 0, 0, 0): -6.666666666666666,
  (0, 2, 2, 0, 0, 0): -5.5555555555555545,
  (0, 2, 3, 0, 0, 0): -10,
  (0, 2, 6, 0, 0, 0): -6.666666666666666,
  (0, 2, 10, 0, 0, 0): -5.5555555555555545,
  (0, 2, 11, 0, 0, 0): 40,
  (0, 2, 25, 0, 0, 0): 0,
  (0, 2, 26, 0, 0, 0): 0,
  (0, 2, 27, 0, 0, 0): -20,
  (0, 2, 41, 0, 0, 0): 0,
  (0, 2, 42, 0, 0, 0): -26.666666666666664,
  (0, 2, 43, 0, 0, 0): -40,
  (0, 3, 0, 0, 0, 0): 2.9629629629629624,
  (0, 3, 1, 0, 0, 0): -6.666666666666666,
  (0, 3, 2, 0, 0, 0): 2.9629629629629624,
  (0, 3, 3, 0, 0, 0): -10,
  (0, 3, 6, 0, 0, 0): -6.666666666666666,
  (0, 3, 10, 0, 0, 0): -12.881785895484525,
  (0, 3, 11, 0, 0, 0): 40,
  (0, 3, 25, 0, 0, 0): 0,
  (0, 3, 26, 0, 0, 0): 0,
  (0, 3, 27, 0, 0, 0): -20,
  (0, 3, 41, 0, 0, 0): 0,
  (0, 3, 42, 0, 0, 0): -2.9629629629629624,
  (0, 3, 43, 0, 0, 0): -40,
  (0, 4, 0, 0, 0, 0): -34.074074074074076,
  (0, 4, 1, 0, 0, 0): -34.074074074074076,
  (0, 4, 2, 0, 0, 0): -13.333333333333332,
  (0, 4, 3, 0, 0, 0): -10,
  (0, 4, 6, 0, 0, 0): -34.074074074074076,
  (0, 4, 7, 0, 0, 0): 20,
  (0, 4, 10, 0, 0, 0): 1.2345679012345676,
  (0, 4, 25, 0, 0, 0): 0,
  (0, 4, 26, 0, 0, 0): -34.074074074074076,
  (0, 4, 27, 0, 0, 0): 0,
  (0, 4, 41, 0, 0, 0): 0,
  (0, 4, 42, 0, 0, 0): 3.703703703703703,
  (0, 4, 43, 0, 0, 0): 0,
  (0, 4, 106, 0, 0, 0): -34.074074074074076,
  (0, 4, 107, 0, 0, 0): 60,
  (0, 4, 425, 0, 0, 0): 0,
  (0, 4, 426, 0, 0, 0): 0,
  (0, 4, 427, 0, 0, 0): -60,
  (0, 5, 0, 0, 0, 0): -1.3580246913580245,
  (0, 5, 1, 0, 0, 0): -6.666666666666666,
  (0, 5, 2, 0, 0, 0): -1.3580246913580245,
  (0, 5, 3, 0, 0, 0): -10,
  (0, 5, 10, 0, 0, 0): 60.0,
  (0, 5, 41, 0, 0, 0): 0,
  (0, 5, 42, 0, 0, 0): -26.666666666666664,
  (0, 5, 43, 0, 0, 0): -40,
  (0, 7, 5, 0, 0, 0): 6.666666666666666,
  (0, 7, 5, 1, 0, 0): 20,
  (0, 7, 5, 2, 0, 0): 0,
  (0, 7, 5, 3, 0, 0): 0,
  (0, 7, 5, 7, 0, 0): 20,
  (0, 7, 105, 0, 0, 0): 20.0,
  (0, 7, 105, 1, 0, 0): 60,
  (0, 7, 105, 2, 0, 0): 0,
  (0, 7, 105, 3, 0, 0): 0,
  (0, 7, 105, 7, 0, 0): 60,
  (0, 8, 5, 0, 0, 0): 10.0,
  (0, 8, 5, 1, 0, 0): 20.0,
  (0, 8, 5, 2, 0, 0): 0,
  (0, 8, 5, 3, 0, 0): -20,
  (0, 10, 5, 0, 0, 0): 40.0,
  (0, 10, 5, 1, 0, 0): 0,
  (0, 10, 5, 2, 0, 0): 40,
  (0, 10, 5, 3, 0, 0): 0,
  (0, 10, 5, 11, 0, 0): 40,
  (0, 11, 5, 0, 0, 0): -2.222222222222222,
  (0, 11, 5, 1, 0, 0): 0,
  (0, 11, 5, 2, 0, 0): -6.666666666666666,
  (0, 11, 5, 3, 0, 0): 0,
  (0, 11, 5, 10, 0, 0): -6.666666666666666,
  (0, 11, 5, 42, 0, 0): 0,
  (0, 11, 5, 43, 0, 0): 0,
  (0, 13, 41, 0, 0, 0): 11.111111111111109,
  (0, 13, 41, 1, 0, 0): 11.111111111111109,
  (0, 13, 41, 2, 0, 0): 0,
  (0, 13, 41, 3, 0, 0): 0,
  (0, 13, 41, 7, 0, 0): 60,
  (0, 14, 9, 0, 0, 0): 20.0,
  (0, 14, 9, 1, 0, 0): 0,
  (0, 14, 9, 2, 0, 0): 60,
  (0, 14, 9, 3, 0, 0): 0,
  (0, 14, 9, 11, 0, 0): 60,
  (0, 14, 41, 0, 0, 0): 3.703703703703703,
  (0, 14, 41, 1, 0, 0): 3.703703703703703,
  (0, 14, 41, 2, 0, 0): 0,
  (0, 14, 41, 3, 0, 0): 0,
  (0, 14, 41, 6, 0, 0): 3.703703703703703,
  (0, 14, 41, 7, 0, 0): 60,
  (0, 14, 41, 25, 0, 0): 0,
  (0, 14, 41, 26, 0, 0): 11.111111111111109,
  (0, 14, 41, 27, 0, 0): 0,
  (0, 15, 9, 0, 0, 0): -1.2345679012345676,
  (0, 15, 9, 1, 0, 0): -3.703703703703703,
  (0, 15, 9, 2, 0, 0): 0,
  (0, 15, 9, 3, 0, 0): 0,
  (0, 15, 9, 6, 0, 0): -3.703703703703703,
  (0, 15, 9, 26, 0, 0): 0,
  (0, 15, 9, 27, 0, 0): 0,
  (0, 16, 169, 0, 0, 0): -26.666666666666664,
  (0, 16, 169, 1, 0, 0): 0,
  (0, 16, 169, 2, 0, 0): 0,
  (0, 16, 169, 3, 0, 0): -80,
  (0, 17, 9, 0, 0, 0): -13.333333333333332,
  (0, 17, 9, 1, 0, 0): 0,
  (0, 17, 9, 2, 0, 0): 0,
  (0, 17, 9, 3, 0, 0): -40,
  (0, 17, 41, 0, 0, 0): -5.5555555555555545,
  (0, 17, 41, 1, 0, 0): 0,
  (0, 17, 41, 2, 0, 0): -11.111111111111109,
  (0, 17, 41, 3, 0, 0): -60,
  (0, 17, 41, 10, 0, 0): -11.111111111111109,
  (0, 17, 41, 42, 0, 0): 0,
  (0, 17, 41, 43, 0, 0): 0,
  (0, 19, 9, 0, 0, 0): -2.222222222222222,
  (0, 19, 9, 1, 0, 0): -6.666666666666666,
  (0, 19, 9, 2, 0, 0): 0,
  (0, 19, 9, 3, 0, 0): 0,
  (0, 19, 9, 6, 0, 0): -6.666666666666666,
  (0, 19, 9, 26, 0, 0): 0,
  (0, 19, 9, 27, 0, 0): 0,
  (0, 20, 9, 0, 0, 0): -20.0,
  (0, 20, 9, 1, 0, 0): -8.888888888888888,
  (0, 20, 9, 2, 0, 0): 0,
  (0, 20, 9, 3, 0, 0): -40,
  (0, 20, 41, 0, 0, 0): -20.0,
  (0, 20, 41, 1, 0, 0): 0,
  (0, 20, 41, 2, 0, 0): 0,
  (0, 20, 41, 3, 0, 0): -60,
  (0, 21, 9, 0, 0, 0): 30.0,
  (0, 21, 9, 1, 0, 0): -13.333333333333332,
  (0, 21, 9, 2, 0, 0): 60,
  (0, 21, 9, 3, 0, 0): 0,
  (0, 21, 9, 11, 0, 0): 60,
  (0, 22, 9, 0, 0, 0): 2.9629629629629624,
  (0, 22, 9, 1, 0, 0): 0,
  (0, 22, 9, 2, 0, 0): 8.888888888888888,
  (0, 22, 9, 3, 0, 0): 0,
  (0, 22, 9, 10, 0, 0): 8.888888888888888,
  (0, 22, 9, 42, 0, 0): 0,
  (0, 22, 9, 43, 0, 0): 0,
  (0, 22, 169, 0, 0, 0): -2.9629629629629624,
  (0, 22, 169, 1, 0, 0): 0,
  (0, 22, 169, 2, 0, 0): -8.888888888888888,
  (0, 22, 169, 3, 0, 0): 0,
  (0, 22, 169, 10, 0, 0): -8.888888888888888,
  (0, 22, 169, 42, 0, 0): 0,
  (0, 22, 169, 43, 0, 0): 0,
  (0, 23, 9, 0, 0, 0): -13.333333333333332,
  (0, 23, 9, 1, 0, 0): -13.333333333333332,
  (0, 23, 9, 2, 0, 0): 0,
  (0, 23, 9, 3, 0, 0): 0,
  (0, 23, 9, 6, 0, 0): -13.333333333333332,
  (0, 23, 9, 7, 0, 0): 40,
  (0, 23, 9, 25, 0, 0): 0,
  (0, 23, 9, 26, 0, 0): 0,
  (0, 23, 9, 27, 0, 0): -40,
  (0, 25, 9, 0, 0, 0): -13.333333333333332,
  (0, 25, 9, 1, 0, 0): 0,
  (0, 25, 9, 2, 0, 0): 0,
  (0, 25, 9, 3, 0, 0): -40,
  (0, 25, 425, 0, 0, 0): -26.666666666666664,
  (0, 25, 425, 1, 0, 0): 0,
  (0, 25, 425, 2, 0, 0): 0,
  (0, 25, 425, 3, 0, 0): -80,
  (0, 26, 5, 0, 0, 0): 2.222222222222222,
  (0, 26, 5, 1, 0, 0): 0,
  (0, 26, 5, 2, 0, 0): 4.444444444444444,
  (0, 26, 5, 3, 0, 0): -20,
  (0, 26, 169, 0, 0, 0): 3.703703703703703,
  (0, 26, 169, 1, 0, 0): 11.111111111111109,
  (0, 26, 169, 2, 0, 0): 0,
  (0, 26, 169, 3, 0, 0): 0,
  (0, 27, 5, 0, 0, 0): -2.222222222222222,
  (0, 27, 5, 1, 0, 0): -6.666666666666666,
  (0, 27, 5, 2, 0, 0): 0,
  (0, 27, 5, 3, 0, 0): 0,
  (0, 27, 5, 6, 0, 0): -6.666666666666666,
  (0, 27, 5, 25, 0, 0): 0,
  (0, 27, 5, 26, 0, 0): 0,
  (0, 27, 5, 27, 0, 0): -20,
  (0, 27, 425, 0, 0, 0): -26.666666666666664,
  (0, 27, 425, 1, 0, 0): 0,
  (0, 27, 425, 2, 0, 0): 0,
  (0, 27, 425, 3, 0, 0): -80,
  (0, 32, 9, 0, 0, 0): -1.3580246913580245,
  (0, 32, 9, 1, 0, 0): 0,
  (0, 32, 9, 2, 0, 0): -1.3580246913580245,
  (0, 32, 9, 3, 0, 0): 0,
  (0, 32, 9, 11, 0, 0): 60,
  (0, 33, 9, 0, 0, 0): 60.0,
  (0, 33, 9, 1, 0, 0): 0,
  (0, 33, 9, 2, 0, 0): 60,
  (0, 33, 9, 3, 0, 0): 0,
  (0, 33, 9, 11, 0, 0): 60,
  (0, 33, 41, 0, 0, 0): 60.0,
  (0, 33, 41, 1, 0, 0): 60,
  (0, 33, 41, 2, 0, 0): 0,
  (0, 33, 41, 3, 0, 0): 0,
  (0, 33, 41, 6, 0, 0): 13.333333333333332,
  (0, 33, 41, 7, 0, 0): 60,
  (0, 33, 41, 26, 0, 0): 0,
  (0, 33, 41, 27, 0, 0): 0,
  (0, 34, 5, 0, 0, 0): -6.666666666666666,
  (0, 34, 5, 1, 0, 0): 0,
  (0, 34, 5, 2, 0, 0): 0,
  (0, 34, 5, 3, 0, 0): -20,
  (0, 34, 169, 0, 0, 0): -26.666666666666664,
  (0, 34, 169, 1, 0, 0): 0,
  (0, 34, 169, 2, 0, 0): 0,
  (0, 34, 169, 3, 0, 0): -80,
  (0, 35, 9, 0, 0, 0): -2.222222222222222,
  (0, 35, 9, 1, 0, 0): -6.666666666666666,
  (0, 35, 9, 2, 0, 0): 0,
  (0, 35, 9, 3, 0, 0): 0,
  (0, 35, 9, 6, 0, 0): -6.666666666666666,
  (0, 35, 9, 26, 0, 0): 0,
  (0, 35, 9, 27, 0, 0): 0,
  (0, 52, 5, 5, 0, 0): 20.0,
  (0, 52, 5, 5, 1, 0): 0,
  (0, 52, 5, 5, 2, 0): 60,
  (0, 52, 5, 5, 3, 0): 0,
  (0, 52, 5, 5, 11, 0): 60,
  (0, 68, 5, 41, 0, 0): -20.0,
  (0, 68, 5, 41, 1, 0): 0,
  (0, 68, 5, 41, 2, 0): 0,
  (0, 68, 5, 41, 3, 0): -60,
  (0, 79, 41, 5, 0, 0): 11.111111111111109,
  (0, 79, 41, 5, 1, 0): 33.33333333333333,
  (0, 79, 41, 5, 2, 0): 0,
  (0, 79, 41, 5, 3, 0): 0,
  (0, 89, 41, 105, 0, 0): 11.111111111111109,
  (0, 89, 41, 105, 1, 0): 33.33333333333333,
  (0, 89, 41, 105, 2, 0): 0,
  (0, 89, 41, 105, 3, 0): 0,
  (0, 94, 9, 25, 0, 0): -11.111111111111109,
  (0, 94, 9, 25, 1, 0): 0,
  (0, 94, 9, 25, 2, 0): -33.33333333333333,
  (0, 94, 9, 25, 3, 0): 0,
  (0, 106, 41, 41, 0, 0): -33.33333333333333,
  (0, 106, 41, 41, 1, 0): 0,
  (0, 106, 41, 41, 2, 0): 0,
  (0, 106, 41, 41, 3, 0): -100,
  (0, 116, 9, 25, 0, 0): -20.0,
  (0, 116, 9, 25, 1, 0): 0,
  (0, 116, 9, 25, 2, 0): 0,
  (0, 116, 9, 25, 3, 0): -60,
  (0, 122, 9, 5, 0, 0): -8.888888888888888,
  (0, 122, 9, 5, 1, 0): 0,
  (0, 122, 9, 5, 2, 0): -26.666666666666664,
  (0, 122, 9, 5, 3, 0): 0,
  (0, 122, 9, 5, 10, 0): -26.666666666666664,
  (0, 122, 9, 5, 41, 0): 0,
  (0, 122, 9, 5, 42, 0): -80.0,
  (0, 122, 9, 5, 43, 0): 0,
  (0, 122, 9, 5, 170, 0): -80.0,
  (0, 122, 9, 5, 681, 0): 0,
  (0, 122, 9, 5, 682, 0): 0,
  (0, 122, 9, 5, 683, 0): -160,
  (0, 130, 9, 5, 0, 0): -13.333333333333332,
  (0, 130, 9, 5, 1, 0): 0,
  (0, 130, 9, 5, 2, 0): 0,
  (0, 130, 9, 5, 3, 0): -40,
  (0, 134, 9, 41, 0, 0): 26.666666666666664,
  (0, 134, 9, 41, 1, 0): 80,
  (0, 134, 9, 41, 2, 0): 0,
  (0, 134, 9, 41, 3, 0): 0,
  (0, 134, 9, 41, 7, 0): 80,
  (0, 136, 169, 41, 0, 0): -26.666666666666664,
  (0, 136, 169, 41, 1, 0): 0,
  (0, 136, 169, 41, 2, 0): -80.0,
  (0, 136, 169, 41, 3, 0): 0,
  (0, 159, 5, 9, 0, 0): 4.444444444444444,
  (0, 159, 5, 9, 1, 0): 13.333333333333332,
  (0, 159, 5, 9, 2, 0): 0,
  (0, 159, 5, 9, 3, 0): 0,
  (0, 159, 5, 9, 6, 0): 13.333333333333332,
  (0, 159, 5, 9, 25, 0): 0,
  (0, 159, 5, 9, 26, 0): 40.0,
  (0, 159, 5, 9, 27, 0): 0,
  (0, 160, 169, 5, 0, 0): 11.111111111111109,
  (0, 160, 169, 5, 1, 0): 0,
  (0, 160, 169, 5, 2, 0): 33.33333333333333,
  (0, 160, 169, 5, 3, 0): 0,
  (0, 160, 169, 5, 10, 0): 33.33333333333333,
  (0, 160, 169, 5, 41, 0): 0,
  (0, 160, 169, 5, 42, 0): 100.0,
  (0, 160, 169, 5, 43, 0): 0,
  (0, 194, 9, 9, 0, 0): -1.3580246913580245,
  (0, 194, 9, 9, 1, 0): -4.0740740740740735,
  (0, 194, 9, 9, 2, 0): 0,
  (0, 194, 9, 9, 3, 0): 0,
  (0, 194, 9, 9, 6, 0): -4.0740740740740735,
  (0, 194, 9, 9, 26, 0): 0,
  (0, 194, 9, 9, 27, 0): 0,
  (0, 201, 41, 25, 0, 0): 40.0,
  (0, 201, 41, 25, 1, 0): 0,
  (0, 201, 41, 25, 2, 0): 120,
  (0, 201, 41, 25, 3, 0): 0,
  (0, 201, 41, 25, 11, 0): 120,
  (0, 215, 9, 25, 0, 0): -20.0,
  (0, 215, 9, 25, 1, 0): 0,
  (0, 215, 9, 25, 2, 0): 0,
  (0, 215, 9, 25, 3, 0): -60,
  (0, 478, 41, 5, 5, 0): 33.33333333333333,
  (0, 478, 41, 5, 5, 1): 0,
  (0, 478, 41, 5, 5, 2): 100,
  (0, 478, 41, 5, 5, 3): 0,
  (0, 478, 41, 5, 5, 11): 100,
  (0, 535, 41, 105, 5, 0): 33.33333333333333,
  (0, 535, 41, 105, 5, 1): 100,
  (0, 535, 41, 105, 5, 2): 0,
  (0, 535, 41, 105, 5, 3): 0,
  (0, 535, 41, 105, 5, 7): 100,
  (0, 566, 9, 25, 9, 0): -33.33333333333333,
  (0, 566, 9, 25, 9, 1): 0,
  (0, 566, 9, 25, 9, 2): 0,
  (0, 566, 9, 25, 9, 3): -100,
  (0, 820, 169, 41, 9, 0): -80.0,
  (0, 820, 169, 41, 9, 1): 0,
  (0, 820, 169, 41, 9, 2): 0,
  (0, 820, 169, 41, 9, 3): -160,
  (0, 957, 5, 9, 105, 0): 40.0,
  (0, 957, 5, 9, 105, 1): 120,
  (0, 957, 5, 9, 105, 2): 0,
  (0, 957, 5, 9, 105, 3): 0,
  (0, 957, 5, 9, 105, 5): 120,
  (0, 963, 169, 5, 169, 0): 100.0,
  (0, 963, 169, 5, 169, 1): 200,
  (0, 963, 169, 5, 169, 2): 0,
  (0, 963, 169, 5, 169, 3): 0,
  (0, 963, 169, 5, 169, 7): 200,
  (0, 1168, 9, 9, 25, 0): -12.222222222222221,
  (0, 1168, 9, 9, 25, 1): 0,
  (0, 1168, 9, 9, 25, 2): -36.666666666666664,
  (0, 1168, 9, 9, 25, 3): 0,
  (0, 1168, 9, 9, 25, 10): -36.666666666666664,
  (0, 1168, 9, 9, 25, 41): 0,
  (0, 1168, 9, 9, 25, 42): -110.0,
  (0, 1168, 9, 9, 25, 43): 0,
  (0, 1168, 9, 9, 25, 170): -110.0,
  (0, 1168, 9, 9, 25, 681): 0,
  (0, 1168, 9, 9, 25, 682): 0,
  (0, 1168, 9, 9, 25, 683): -220,
  (1, 1, 0, 0, 0, 0): -2.084997613908185,
  (1, 1, 1, 0, 0, 0): -2.084997613908185,
  (1, 1, 2, 0, 0, 0): -8.888888888888888,
  (1, 1, 3, 0, 0, 0): 20,
  (1, 1, 5, 0, 0, 0): 0,
  (1, 1, 6, 0, 0, 0): -6.666666666666666,
  (1, 1, 7, 0, 0, 0): 0,
  (1, 1, 9, 0, 0, 0): 0,
  (1, 1, 10, 0, 0, 0): -30.0,
  (1, 1, 11, 0, 0, 0): 0,
  (1, 1, 42, 0, 0, 0): -30.0,
  (1, 1, 169, 0, 0, 0): 0,
  (1, 1, 170, 0, 0, 0): 0,
  (1, 1, 171, 0, 0, 0): -60,
  (1, 2, 0, 0, 0, 0): 26.666666666666664,
  (1, 2, 1, 0, 0, 0): 20.0,
  (1, 2, 2, 0, 0, 0): 26.666666666666664,
  (1, 2, 3, 0, 0, 0): 20,
  (1, 2, 5, 0, 0, 0): 0,
  (1, 2, 6, 0, 0, 0): -13.333333333333332,
  (1, 2, 7, 0, 0, 0): -20,
  (1, 2, 9, 0, 0, 0): 0,
  (1, 2, 10, 0, 0, 0): 26.666666666666664,
  (1, 2, 11, 0, 0, 0): 0,
  (1, 2, 42, 0, 0, 0): -8.888888888888888,
  (1, 2, 43, 0, 0, 0): 60,
  (1, 2, 170, 0, 0, 0): 0,
  (1, 2, 171, 0, 0, 0): 0,
  (1, 3, 0, 0, 0, 0): -10.0,
  (1, 3, 1, 0, 0, 0): 20.0,
  (1, 3, 2, 0, 0, 0): -10.0,
  (1, 3, 3, 0, 0, 0): 20,
  (1, 3, 5, 0, 0, 0): 0,
  (1, 3, 6, 0, 0, 0): -13.333333333333332,
  (1, 3, 7, 0, 0, 0): -20,
  (1, 3, 9, 0, 0, 0): 0,
  (1, 3, 10, 0, 0, 0): -20.0,
  (1, 3, 11, 0, 0, 0): 0,
  (1, 3, 26, 0, 0, 0): 20.0,
  (1, 3, 106, 0, 0, 0): 0,
  (1, 3, 107, 0, 0, 0): 0,
  (1, 4, 0, 0, 0, 0): -4.444444444444444,
  (1, 4, 1, 0, 0, 0): -4.444444444444444,
  (1, 4, 2, 0, 0, 0): 40.0,
  (1, 4, 6, 0, 0, 0): 0,
  (1, 4, 7, 0, 0, 0): 0,
  (1, 4, 9, 0, 0, 0): 0,
  (1, 4, 10, 0, 0, 0): -20.0,
  (1, 4, 11, 0, 0, 0): 0,
  (1, 5, 0, 0, 0, 0): -6.666666666666666,
  (1, 5, 1, 0, 0, 0): -6.666666666666666,
  (1, 5, 2, 0, 0, 0): 60.0,
  (1, 5, 3, 0, 0, 0): 20,
  (1, 5, 5, 0, 0, 0): 0,
  (1, 5, 6, 0, 0, 0): -2.9629629629629624,
  (1, 5, 7, 0, 0, 0): -20,
  (1, 5, 9, 0, 0, 0): 0,
  (1, 5, 10, 0, 0, 0): 60,
  (1, 5, 11, 0, 0, 0): 0,
  (1, 5, 26, 0, 0, 0): -2.9629629629629624,
  (1, 5, 42, 0, 0, 0): 7.777777777777777,
  (1, 5, 43, 0, 0, 0): 60,
  (1, 5, 106, 0, 0, 0): 0,
  (1, 5, 107, 0, 0, 0): 0,
  (1, 5, 170, 0, 0, 0): 0,
  (1, 5, 171, 0, 0, 0): 0,
  (1, 7, 5, 0, 0, 0): -6.666666666666666,
  (1, 7, 5, 1, 0, 0): -6.666666666666666,
  (1, 7, 5, 5, 0, 0): 0,
  (1, 7, 5, 6, 0, 0): 0,
  (1, 7, 5, 7, 0, 0): -20,
  (1, 7, 9, 0, 0, 0): 20.0,
  (1, 7, 9, 1, 0, 0): 20.0,
  (1, 7, 9, 5, 0, 0): 0,
  (1, 7, 9, 6, 0, 0): 60,
  (1, 7, 9, 7, 0, 0): 0,
  (1, 7, 9, 27, 0, 0): 60,
  (1, 8, 9, 0, 0, 0): 40,
  (1, 8, 9, 3, 0, 0): 40,
  (1, 8, 25, 0, 0, 0): -6.666666666666666,
  (1, 8, 25, 2, 0, 0): -6.666666666666666,
  (1, 8, 25, 10, 0, 0): 0,
  (1, 8, 25, 11, 0, 0): 0,
  (1, 9, 5, 0, 0, 0): -6.666666666666666,
  (1, 9, 5, 1, 0, 0): -6.666666666666666,
  (1, 9, 5, 2, 0, 0): 1.1522633744855963,
  (1, 9, 5, 5, 0, 0): 0,
  (1, 9, 5, 6, 0, 0): 0,
  (1, 9, 5, 7, 0, 0): -20,
  (1, 9, 5, 10, 0, 0): 0,
  (1, 9, 5, 11, 0, 0): 0,
  (1, 9, 9, 0, 0, 0): -8.888888888888888,
  (1, 9, 9, 2, 0, 0): -8.888888888888888,
  (1, 9, 9, 3, 0, 0): 40,
  (1, 9, 9, 9, 0, 0): 0,
  (1, 9, 9, 10, 0, 0): -26.666666666666664,
  (1, 9, 9, 11, 0, 0): 0,
  (1, 10, 5, 0, 0, 0): -2.469135802469135,
  (1, 10, 5, 1, 0, 0): 13.333333333333332,
  (1, 10, 5, 2, 0, 0): -2.469135802469135,
  (1, 10, 5, 5, 0, 0): 0,
  (1, 10, 5, 6, 0, 0): 40,
  (1, 10, 5, 7, 0, 0): 0,
  (1, 10, 5, 10, 0, 0): 0,
  (1, 10, 5, 11, 0, 0): 0,
  (1, 10, 5, 27, 0, 0): 40,
  (1, 11, 5, 0, 0, 0): -4.444444444444444,
  (1, 11, 5, 2, 0, 0): -4.444444444444444,
  (1, 11, 5, 10, 0, 0): 0,
  (1, 11, 5, 11, 0, 0): 0,
  (1, 14, 25, 0, 0, 0): -13.333333333333332,
  (1, 14, 25, 1, 0, 0): -13.333333333333332,
  (1, 14, 25, 5, 0, 0): 0,
  (1, 14, 25, 6, 0, 0): 0,
  (1, 14, 25, 7, 0, 0): -40,
  (1, 15, 5, 0, 0, 0): 20.0,
  (1, 15, 5, 2, 0, 0): 20.0,
  (1, 15, 5, 9, 0, 0): 0,
  (1, 15, 5, 10, 0, 0): 0,
  (1, 15, 5, 11, 0, 0): -20,
  (1, 15, 169, 0, 0, 0): 80,
  (1, 15, 169, 3, 0, 0): 80,
  (1, 16, 5, 0, 0, 0): 13.333333333333332,
  (1, 16, 5, 2, 0, 0): 13.333333333333332,
  (1, 16, 5, 3, 0, 0): 20,
  (1, 16, 5, 10, 0, 0): 0,
  (1, 16, 5, 11, 0, 0): 0,
  (1, 16, 41, 0, 0, 0): 26.666666666666664,
  (1, 16, 41, 2, 0, 0): 26.666666666666664,
  (1, 16, 41, 3, 0, 0): 60,
  (1, 16, 41, 10, 0, 0): 0,
  (1, 16, 41, 11, 0, 0): 0,
  (1, 16, 169, 0, 0, 0): -8.888888888888888,
  (1, 16, 169, 1, 0, 0): -8.888888888888888,
  (1, 16, 169, 2, 0, 0): -6.666666666666666,
  (1, 16, 169, 6, 0, 0): 0,
  (1, 16, 169, 7, 0, 0): 0,
  (1, 16, 169, 10, 0, 0): 0,
  (1, 16, 169, 11, 0, 0): 0,
  (1, 17, 5, 0, 0, 0): -6.666666666666666,
  (1, 17, 5, 1, 0, 0): -6.666666666666666,
  (1, 17, 5, 5, 0, 0): 0,
  (1, 17, 5, 6, 0, 0): 0,
  (1, 17, 5, 7, 0, 0): -20,
  (1, 19, 25, 0, 0, 0): -13.333333333333332,
  (1, 19, 25, 2, 0, 0): -13.333333333333332,
  (1, 19, 25, 9, 0, 0): 0,
  (1, 19, 25, 10, 0, 0): 0,
  (1, 19, 25, 11, 0, 0): -40,
  (1, 20, 5, 0, 0, 0): -1.8518518518518514,
  (1, 20, 5, 2, 0, 0): -1.8518518518518514,
  (1, 20, 5, 9, 0, 0): 0,
  (1, 20, 5, 10, 0, 0): -1.8518518518518514,
  (1, 20, 5, 11, 0, 0): 0,
  (1, 20, 25, 0, 0, 0): -13.333333333333332,
  (1, 20, 25, 1, 0, 0): -13.333333333333332,
  (1, 20, 25, 5, 0, 0): 0,
  (1, 20, 25, 6, 0, 0): 0,
  (1, 20, 25, 7, 0, 0): -40,
  (1, 21, 105, 0, 0, 0): 60,
  (1, 21, 105, 3, 0, 0): 60,
  (1, 22, 5, 0, 0, 0): 20.0,
  (1, 22, 5, 1, 0, 0): 20.0,
  (1, 22, 5, 3, 0, 0): 20,
  (1, 22, 5, 5, 0, 0): 0,
  (1, 22, 5, 6, 0, 0): 20.0,
  (1, 22, 5, 7, 0, 0): 0,
  (1, 22, 5, 26, 0, 0): 20.0,
  (1, 22, 5, 27, 0, 0): 40,
  (1, 22, 5, 106, 0, 0): 0,
  (1, 22, 5, 107, 0, 0): 0,
  (1, 23, 9, 0, 0, 0): -13.333333333333332,
  (1, 23, 9, 1, 0, 0): -13.333333333333332,
  (1, 23, 9, 5, 0, 0): 0,
  (1, 23, 9, 6, 0, 0): 0,
  (1, 23, 9, 7, 0, 0): -40,
  (1, 23, 41, 0, 0, 0): -20.0,
  (1, 23, 41, 1, 0, 0): -20.0,
  (1, 23, 41, 5, 0, 0): 0,
  (1, 23, 41, 6, 0, 0): 0,
  (1, 23, 41, 7, 0, 0): -60,
  (1, 25, 41, 0, 0, 0): -20.0,
  (1, 25, 41, 2, 0, 0): -20.0,
  (1, 25, 41, 9, 0, 0): 0,
  (1, 25, 41, 10, 0, 0): 0,
  (1, 25, 41, 11, 0, 0): -60,
  (1, 26, 5, 0, 0, 0): -4.444444444444444,
  (1, 26, 5, 1, 0, 0): 2.222222222222222,
  (1, 26, 5, 2, 0, 0): -4.444444444444444,
  (1, 26, 5, 6, 0, 0): 0,
  (1, 26, 5, 7, 0, 0): 0,
  (1, 26, 5, 10, 0, 0): 0,
  (1, 26, 5, 11, 0, 0): 0,
  (1, 26, 9, 0, 0, 0): 13.333333333333332,
  (1, 26, 9, 1, 0, 0): 13.333333333333332,
  (1, 26, 9, 6, 0, 0): 0,
  (1, 26, 9, 7, 0, 0): 0,
  (1, 28, 5, 0, 0, 0): 20,
  (1, 28, 5, 3, 0, 0): 20,
  (1, 28, 9, 0, 0, 0): 40,
  (1, 28, 9, 3, 0, 0): 40,
  (1, 29, 5, 0, 0, 0): -6.666666666666666,
  (1, 29, 5, 2, 0, 0): -6.666666666666666,
  (1, 29, 5, 9, 0, 0): 0,
  (1, 29, 5, 10, 0, 0): 0,
  (1, 29, 5, 11, 0, 0): -20,
  (1, 31, 5, 0, 0, 0): -6.666666666666666,
  (1, 31, 5, 1, 0, 0): 0.7407407407407406,
  (1, 31, 5, 2, 0, 0): -6.666666666666666,
  (1, 31, 5, 3, 0, 0): 20,
  (1, 31, 5, 5, 0, 0): 0,
  (1, 31, 5, 6, 0, 0): 2.222222222222222,
  (1, 31, 5, 7, 0, 0): 0,
  (1, 31, 5, 9, 0, 0): 0,
  (1, 31, 5, 10, 0, 0): 0,
  (1, 31, 5, 11, 0, 0): -20,
  (1, 31, 5, 26, 0, 0): 2.222222222222222,
  (1, 31, 5, 106, 0, 0): 0,
  (1, 31, 5, 107, 0, 0): 0,
  (1, 32, 5, 0, 0, 0): 16.666666666666664,
  (1, 32, 5, 2, 0, 0): 16.666666666666664,
  (1, 32, 5, 9, 0, 0): 0,
  (1, 32, 5, 10, 0, 0): 33.33333333333333,
  (1, 32, 5, 11, 0, 0): -20,
  (1, 32, 5, 42, 0, 0): 33.33333333333333,
  (1, 32, 5, 169, 0, 0): 0,
  (1, 32, 5, 170, 0, 0): 100,
  (1, 32, 5, 171, 0, 0): 0,
  (1, 32, 41, 0, 0, 0): 60,
  (1, 32, 41, 3, 0, 0): 60,
  (1, 32, 105, 0, 0, 0): -8.888888888888888,
  (1, 32, 105, 2, 0, 0): -8.888888888888888,
  (1, 32, 105, 10, 0, 0): 0,
  (1, 32, 105, 11, 0, 0): 0,
  (1, 33, 5, 0, 0, 0): 20,
  (1, 33, 5, 3, 0, 0): 20,
  (1, 34, 5, 0, 0, 0): 20,
  (1, 34, 5, 3, 0, 0): 20,
  (1, 35, 5, 0, 0, 0): -6.666666666666666,
  (1, 35, 5, 2, 0, 0): -6.666666666666666,
  (1, 35, 5, 9, 0, 0): 0,
  (1, 35, 5, 10, 0, 0): 0,
  (1, 35, 5, 11, 0, 0): -20,
  (1, 35, 169, 0, 0, 0): 15.555555555555554,
  (1, 35, 169, 1, 0, 0): 15.555555555555554,
  (1, 35, 169, 5, 0, 0): 0,
  (1, 35, 169, 6, 0, 0): 46.666666666666664,
  (1, 35, 169, 7, 0, 0): 0,
  (1, 35, 169, 26, 0, 0): 46.666666666666664,
  (1, 35, 169, 105, 0, 0): 0,
  (1, 35, 169, 106, 0, 0): 140,
  (1, 35, 169, 107, 0, 0): 0,
  (1, 35, 169, 427, 0, 0): 140,
  (1, 49, 25, 9, 0, 0): -20.0,
  (1, 49, 25, 9, 1, 0): -20.0,
  (1, 49, 25, 9, 5, 0): 0,
  (1, 49, 25, 9, 6, 0): 0,
  (1, 49, 25, 9, 7, 0): -60,
  (1, 58, 9, 41, 0, 0): -26.666666666666664,
  (1, 58, 9, 41, 2, 0): -26.666666666666664,
  (1, 58, 9, 41, 9, 0): 0,
  (1, 58, 9, 41, 10, 0): 0,
  (1, 58, 9, 41, 11, 0): -80,
  (1, 59, 5, 9, 0, 0): 3.4567901234567895,
  (1, 59, 5, 9, 2, 0): 3.4567901234567895,
  (1, 59, 5, 9, 9, 0): 0,
  (1, 59, 5, 9, 10, 0): 10.370370370370368,
  (1, 59, 5, 9, 11, 0): 0,
  (1, 59, 5, 9, 42, 0): 10.370370370370368,
  (1, 59, 5, 9, 170, 0): 0,
  (1, 59, 5, 9, 171, 0): 0,
  (1, 64, 5, 9, 0, 0): -7.407407407407406,
  (1, 64, 5, 9, 2, 0): -7.407407407407406,
  (1, 64, 5, 9, 9, 0): 0,
  (1, 64, 5, 9, 10, 0): -22.222222222222218,
  (1, 64, 5, 9, 11, 0): 0,
  (1, 64, 5, 9, 42, 0): -22.222222222222218,
  (1, 64, 5, 9, 169, 0): 0,
  (1, 64, 5, 9, 170, 0): -66.66666666666666,
  (1, 64, 5, 9, 171, 0): 0,
  (1, 69, 5, 9, 0, 0): -13.333333333333332,
  (1, 69, 5, 9, 1, 0): -13.333333333333332,
  (1, 69, 5, 9, 5, 0): 0,
  (1, 69, 5, 9, 6, 0): 0,
  (1, 69, 5, 9, 7, 0): -40,
  (1, 92, 5, 9, 0, 0): 40.0,
  (1, 92, 5, 9, 2, 0): 40.0,
  (1, 92, 5, 9, 9, 0): 0,
  (1, 92, 5, 9, 10, 0): 120,
  (1, 92, 5, 9, 11, 0): 0,
  (1, 98, 41, 9, 0, 0): 80,
  (1, 98, 41, 9, 3, 0): 80,
  (1, 98, 169, 9, 0, 0): -20.0,
  (1, 98, 169, 9, 1, 0): -20.0,
  (1, 98, 169, 9, 5, 0): 0,
  (1, 98, 169, 9, 6, 0): -60.0,
  (1, 98, 169, 9, 7, 0): 0,
  (1, 99, 5, 9, 0, 0): 40,
  (1, 99, 5, 9, 3, 0): 40,
  (1, 100, 169, 5, 0, 0): -26.666666666666664,
  (1, 100, 169, 5, 1, 0): -26.666666666666664,
  (1, 100, 169, 5, 5, 0): 0,
  (1, 100, 169, 5, 6, 0): 0,
  (1, 100, 169, 5, 7, 0): -80,
  (1, 122, 5, 41, 0, 0): -1.8518518518518514,
  (1, 122, 5, 41, 1, 0): -1.8518518518518514,
  (1, 122, 5, 41, 5, 0): 0,
  (1, 122, 5, 41, 6, 0): -5.5555555555555545,
  (1, 122, 5, 41, 7, 0): 0,
  (1, 122, 5, 41, 26, 0): -5.5555555555555545,
  (1, 122, 5, 41, 105, 0): 0,
  (1, 122, 5, 41, 106, 0): -16.666666666666664,
  (1, 122, 5, 41, 107, 0): 0,
  (1, 122, 5, 41, 426, 0): -16.666666666666664,
  (1, 122, 5, 41, 1706, 0): 0,
  (1, 122, 5, 41, 1707, 0): 0,
  (1, 123, 5, 41, 0, 0): 60,
  (1, 123, 5, 41, 3, 0): 60,
  (1, 136, 5, 105, 0, 0): 60,
  (1, 136, 5, 105, 3, 0): 60,
  (1, 160, 5, 5, 0, 0): 6.666666666666666,
  (1, 160, 5, 5, 1, 0): 6.666666666666666,
  (1, 160, 5, 5, 6, 0): 0,
  (1, 160, 5, 5, 7, 0): 0,
  (1, 160, 5, 9, 0, 0): -13.333333333333332,
  (1, 160, 5, 9, 1, 0): -13.333333333333332,
  (1, 160, 5, 9, 5, 0): 0,
  (1, 160, 5, 9, 6, 0): 0,
  (1, 160, 5, 9, 7, 0): -40,
  (1, 160, 9, 5, 0, 0): 40,
  (1, 160, 9, 5, 3, 0): 40,
  (1, 190, 5, 105, 0, 0): 6.666666666666666,
  (1, 190, 5, 105, 1, 0): 6.666666666666666,
  (1, 190, 5, 105, 6, 0): 0,
  (1, 190, 5, 105, 7, 0): 0,
  (1, 194, 105, 9, 0, 0): -26.666666666666664,
  (1, 194, 105, 9, 2, 0): -26.666666666666664,
  (1, 194, 105, 9, 9, 0): 0,
  (1, 194, 105, 9, 10, 0): 0,
  (1, 194, 105, 9, 11, 0): -80,
  (1, 195, 5, 681, 0, 0): 100,
  (1, 195, 5, 681, 3, 0): 100,
  (1, 357, 5, 9, 169, 0): 31.111111111111107,
  (1, 357, 5, 9, 169, 2): 31.111111111111107,
  (1, 357, 5, 9, 169, 9): 0,
  (1, 357, 5, 9, 169, 10): 93.33333333333333,
  (1, 357, 5, 9, 169, 11): 0,
  (1, 357, 5, 9, 169, 42): 93.33333333333333,
  (1, 357, 5, 9, 169, 169): 280,
  (1, 357, 5, 9, 169, 170): 0,
  (1, 357, 5, 9, 169, 171): 0,
  (1, 386, 5, 9, 681, 0): -66.66666666666666,
  (1, 386, 5, 9, 681, 1): -66.66666666666666,
  (1, 386, 5, 9, 681, 5): 0,
  (1, 386, 5, 9, 681, 6): 0,
  (1, 386, 5, 9, 681, 7): -200,
  (1, 554, 5, 9, 41, 0): 120,
  (1, 554, 5, 9, 41, 3): 120,
  (1, 589, 169, 9, 25, 0): -60.0,
  (1, 589, 169, 9, 25, 2): -60.0,
  (1, 589, 169, 9, 25, 9): -180,
  (1, 589, 169, 9, 25, 10): 0,
  (1, 589, 169, 9, 25, 11): 0,
  (1, 737, 5, 41, 1705, 0): -33.33333333333333,
  (1, 737, 5, 41, 1705, 2): -33.33333333333333,
  (1, 737, 5, 41, 1705, 9): 0,
  (1, 737, 5, 41, 1705, 10): -100.0,
  (1, 737, 5, 41, 1705, 11): 0,
  (1, 737, 5, 41, 1705, 42): -100.0,
  (1, 737, 5, 41, 1705, 169): 0,
  (1, 737, 5, 41, 1705, 170): 0,
  (1, 737, 5, 41, 1705, 171): -300,
  (1, 962, 5, 5, 5, 0): 20,
  (1, 962, 5, 5, 5, 3): 20,
  (1, 1144, 5, 105, 5, 0): 20.0,
  (1, 1144, 5, 105, 5, 1): 20.0,
  (1, 1144, 5, 105, 5, 5): 60,
  (1, 1144, 5, 105, 5, 6): 0,
  (1, 1144, 5, 105, 5, 7): 0}
{ (0, 1, 0, 0, 0, 0, 'call'): 13.333333333333334,
  (0, 1, 0, 0, 0, 0, 'fold'): -71.11111111111111,
  (0, 1, 0, 0, 0, 0, 'raise'): -71.11111111111111,
  (0, 1, 6, 0, 0, 0, 'call'): -3.333333333333334,
  (0, 1, 6, 0, 0, 0, 'fold'): -43.333333333333336,
  (0, 1, 6, 0, 0, 0, 'raise'): 16.666666666666664,
  (0, 2, 0, 0, 0, 0, 'call'): -232.058024691358,
  (0, 2, 0, 0, 0, 0, 'fold'): -275.3913580246913,
  (0, 2, 0, 0, 0, 0, 'raise'): 9.66666666666666,
  (0, 2, 6, 0, 0, 0, 'call'): 6.666666666666666,
  (0, 2, 6, 0, 0, 0, 'fold'): -13.333333333333334,
  (0, 2, 6, 0, 0, 0, 'raise'): 6.666666666666666,
  (0, 2, 10, 0, 0, 0, 'call'): 39.63333333333333,
  (0, 2, 10, 0, 0, 0, 'fold'): -409.6259259259259,
  (0, 2, 10, 0, 0, 0, 'raise'): -209.6259259259259,
  (0, 3, 0, 0, 0, 0, 'call'): -95.57500422797226,
  (0, 3, 0, 0, 0, 0, 'fold'): -132.24167089463896,
  (0, 3, 0, 0, 0, 0, 'raise'): 7.222222222222221,
  (0, 3, 6, 0, 0, 0, 'call'): 6.666666666666666,
  (0, 3, 6, 0, 0, 0, 'fold'): -13.333333333333334,
  (0, 3, 6, 0, 0, 0, 'raise'): 6.666666666666666,
  (0, 3, 10, 0, 0, 0, 'call'): 13.86944021647218,
  (0, 3, 10, 0, 0, 0, 'fold'): -46.130559783527815,
  (0, 3, 10, 0, 0, 0, 'raise'): 24.980551327583292,
  (0, 4, 0, 0, 0, 0, 'call'): 22.986608849085435,
  (0, 4, 0, 0, 0, 0, 'fold'): -102.93931707684052,
  (0, 4, 0, 0, 0, 0, 'raise'): -155.03808250893925,
  (0, 4, 6, 0, 0, 0, 'call'): 27.407407407407405,
  (0, 4, 6, 0, 0, 0, 'fold'): 27.407407407407405,
  (0, 4, 6, 0, 0, 0, 'raise'): 40.0,
  (0, 4, 10, 0, 0, 0, 'call'): -1.2345679012345676,
  (0, 4, 10, 0, 0, 0, 'fold'): -1.2345679012345676,
  (0, 4, 10, 0, 0, 0, 'raise'): 2.469135802469135,
  (0, 4, 106, 0, 0, 0, 'call'): 54.07407407407408,
  (0, 4, 106, 0, 0, 0, 'fold'): -12.592592592592592,
  (0, 4, 106, 0, 0, 0, 'raise'): 0,
  (0, 5, 0, 0, 0, 0, 'call'): -191.97530864197532,
  (0, 5, 0, 0, 0, 0, 'fold'): -235.30864197530866,
  (0, 5, 0, 0, 0, 0, 'raise'): 6.666666666666666,
  (0, 5, 10, 0, 0, 0, 'call'): 28.888888888888886,
  (0, 5, 10, 0, 0, 0, 'fold'): -155.55555555555554,
  (0, 5, 10, 0, 0, 0, 'raise'): -142.2222222222222,
  (0, 7, 5, 0, 0, 0, 'call'): 13.333333333333334,
  (0, 7, 5, 0, 0, 0, 'fold'): -6.666666666666666,
  (0, 7, 5, 0, 0, 0, 'raise'): -6.666666666666666,
  (0, 7, 105, 0, 0, 0, 'call'): 40.0,
  (0, 7, 105, 0, 0, 0, 'fold'): -20.0,
  (0, 7, 105, 0, 0, 0, 'raise'): -20.0,
  (0, 8, 5, 0, 0, 0, 'call'): 16.666666666666664,
  (0, 8, 5, 0, 0, 0, 'fold'): -43.333333333333336,
  (0, 8, 5, 0, 0, 0, 'raise'): -3.333333333333334,
  (0, 10, 5, 0, 0, 0, 'call'): -53.33333333333333,
  (0, 10, 5, 0, 0, 0, 'fold'): -53.33333333333333,
  (0, 10, 5, 0, 0, 0, 'raise'): 26.666666666666668,
  (0, 11, 5, 0, 0, 0, 'call'): 2.222222222222222,
  (0, 11, 5, 0, 0, 0, 'fold'): 2.222222222222222,
  (0, 11, 5, 0, 0, 0, 'raise'): -4.444444444444445,
  (0, 11, 5, 10, 0, 0, 'call'): -13.333333333333334,
  (0, 11, 5, 10, 0, 0, 'fold'): 6.666666666666666,
  (0, 11, 5, 10, 0, 0, 'raise'): 6.666666666666666,
  (0, 13, 41, 0, 0, 0, 'call'): 40.0,
  (0, 13, 41, 0, 0, 0, 'fold'): -91.11111111111111,
  (0, 13, 41, 0, 0, 0, 'raise'): -91.11111111111111,
  (0, 14, 9, 0, 0, 0, 'call'): -20.0,
  (0, 14, 9, 0, 0, 0, 'fold'): -20.0,
  (0, 14, 9, 0, 0, 0, 'raise'): 40.0,
  (0, 14, 41, 0, 0, 0, 'call'): 40.0,
  (0, 14, 41, 0, 0, 0, 'fold'): -23.703703703703702,
  (0, 14, 41, 0, 0, 0, 'raise'): -23.703703703703702,
  (0, 14, 41, 6, 0, 0, 'call'): -3.703703703703703,
  (0, 14, 41, 6, 0, 0, 'fold'): -3.703703703703703,
  (0, 14, 41, 6, 0, 0, 'raise'): 7.4074074074074066,
  (0, 15, 9, 0, 0, 0, 'call'): -2.469135802469135,
  (0, 15, 9, 0, 0, 0, 'fold'): 1.2345679012345676,
  (0, 15, 9, 0, 0, 0, 'raise'): 1.2345679012345676,
  (0, 15, 9, 6, 0, 0, 'call'): -7.4074074074074066,
  (0, 15, 9, 6, 0, 0, 'fold'): 3.703703703703703,
  (0, 15, 9, 6, 0, 0, 'raise'): 3.703703703703703,
  (0, 16, 169, 0, 0, 0, 'call'): 26.666666666666664,
  (0, 16, 169, 0, 0, 0, 'fold'): -53.333333333333336,
  (0, 16, 169, 0, 0, 0, 'raise'): 26.666666666666664,
  (0, 17, 9, 0, 0, 0, 'call'): 13.333333333333332,
  (0, 17, 9, 0, 0, 0, 'fold'): -26.666666666666668,
  (0, 17, 9, 0, 0, 0, 'raise'): 13.333333333333332,
  (0, 17, 41, 0, 0, 0, 'call'): 25.555555555555554,
  (0, 17, 41, 0, 0, 0, 'fold'): -94.44444444444444,
  (0, 17, 41, 0, 0, 0, 'raise'): 14.444444444444446,
  (0, 17, 41, 10, 0, 0, 'call'): -22.22222222222222,
  (0, 17, 41, 10, 0, 0, 'fold'): 11.111111111111109,
  (0, 17, 41, 10, 0, 0, 'raise'): 11.111111111111109,
  (0, 19, 9, 0, 0, 0, 'call'): -4.444444444444445,
  (0, 19, 9, 0, 0, 0, 'fold'): 2.222222222222222,
  (0, 19, 9, 0, 0, 0, 'raise'): 2.222222222222222,
  (0, 19, 9, 6, 0, 0, 'call'): -13.333333333333334,
  (0, 19, 9, 6, 0, 0, 'fold'): 6.666666666666666,
  (0, 19, 9, 6, 0, 0, 'raise'): 6.666666666666666,
  (0, 20, 9, 0, 0, 0, 'call'): 5.185185185185187,
  (0, 20, 9, 0, 0, 0, 'fold'): -17.037037037037038,
  (0, 20, 9, 0, 0, 0, 'raise'): 22.962962962962962,
  (0, 20, 41, 0, 0, 0, 'call'): 20.0,
  (0, 20, 41, 0, 0, 0, 'fold'): -40.0,
  (0, 20, 41, 0, 0, 0, 'raise'): 20.0,
  (0, 21, 9, 0, 0, 0, 'call'): -52.222222222222214,
  (0, 21, 9, 0, 0, 0, 'fold'): -25.555555555555557,
  (0, 21, 9, 0, 0, 0, 'raise'): 34.44444444444444,
  (0, 22, 9, 0, 0, 0, 'call'): -2.9629629629629624,
  (0, 22, 9, 0, 0, 0, 'fold'): -2.9629629629629624,
  (0, 22, 9, 0, 0, 0, 'raise'): 5.925925925925926,
  (0, 22, 9, 10, 0, 0, 'call'): 17.77777777777778,
  (0, 22, 9, 10, 0, 0, 'fold'): -8.888888888888888,
  (0, 22, 9, 10, 0, 0, 'raise'): -8.888888888888888,
  (0, 22, 169, 0, 0, 0, 'call'): 2.9629629629629624,
  (0, 22, 169, 0, 0, 0, 'fold'): 2.9629629629629624,
  (0, 22, 169, 0, 0, 0, 'raise'): -5.925925925925926,
  (0, 22, 169, 10, 0, 0, 'call'): -17.77777777777778,
  (0, 22, 169, 10, 0, 0, 'fold'): 8.888888888888888,
  (0, 22, 169, 10, 0, 0, 'raise'): 8.888888888888888,
  (0, 23, 9, 0, 0, 0, 'call'): 26.666666666666668,
  (0, 23, 9, 0, 0, 0, 'fold'): 0.0,
  (0, 23, 9, 0, 0, 0, 'raise'): 0.0,
  (0, 23, 9, 6, 0, 0, 'call'): 13.333333333333332,
  (0, 23, 9, 6, 0, 0, 'fold'): -26.666666666666668,
  (0, 23, 9, 6, 0, 0, 'raise'): 13.333333333333332,
  (0, 25, 9, 0, 0, 0, 'call'): 13.333333333333332,
  (0, 25, 9, 0, 0, 0, 'fold'): -26.666666666666668,
  (0, 25, 9, 0, 0, 0, 'raise'): 13.333333333333332,
  (0, 25, 425, 0, 0, 0, 'call'): 26.666666666666664,
  (0, 25, 425, 0, 0, 0, 'fold'): -53.333333333333336,
  (0, 25, 425, 0, 0, 0, 'raise'): 26.666666666666664,
  (0, 26, 5, 0, 0, 0, 'call'): 4.444444444444445,
  (0, 26, 5, 0, 0, 0, 'fold'): -35.55555555555556,
  (0, 26, 5, 0, 0, 0, 'raise'): 8.888888888888888,
  (0, 26, 169, 0, 0, 0, 'call'): 7.4074074074074066,
  (0, 26, 169, 0, 0, 0, 'fold'): -3.703703703703703,
  (0, 26, 169, 0, 0, 0, 'raise'): -3.703703703703703,
  (0, 27, 5, 0, 0, 0, 'call'): -4.444444444444445,
  (0, 27, 5, 0, 0, 0, 'fold'): 2.222222222222222,
  (0, 27, 5, 0, 0, 0, 'raise'): 2.222222222222222,
  (0, 27, 5, 6, 0, 0, 'call'): 6.666666666666666,
  (0, 27, 5, 6, 0, 0, 'fold'): -13.333333333333334,
  (0, 27, 5, 6, 0, 0, 'raise'): 6.666666666666666,
  (0, 27, 425, 0, 0, 0, 'call'): 26.666666666666664,
  (0, 27, 425, 0, 0, 0, 'fold'): -53.333333333333336,
  (0, 27, 425, 0, 0, 0, 'raise'): 26.666666666666664,
  (0, 32, 9, 0, 0, 0, 'call'): -18.641975308641975,
  (0, 32, 9, 0, 0, 0, 'fold'): -18.641975308641975,
  (0, 32, 9, 0, 0, 0, 'raise'): 40.0,
  (0, 33, 9, 0, 0, 0, 'call'): -80.0,
  (0, 33, 9, 0, 0, 0, 'fold'): -80.0,
  (0, 33, 9, 0, 0, 0, 'raise'): 40.0,
  (0, 33, 41, 0, 0, 0, 'call'): 8.88888888888889,
  (0, 33, 41, 0, 0, 0, 'fold'): -64.44444444444444,
  (0, 33, 41, 0, 0, 0, 'raise'): -64.44444444444444,
  (0, 33, 41, 6, 0, 0, 'call'): 26.666666666666668,
  (0, 33, 41, 6, 0, 0, 'fold'): -13.333333333333332,
  (0, 33, 41, 6, 0, 0, 'raise'): -13.333333333333332,
  (0, 34, 5, 0, 0, 0, 'call'): 6.666666666666666,
  (0, 34, 5, 0, 0, 0, 'fold'): -13.333333333333334,
  (0, 34, 5, 0, 0, 0, 'raise'): 6.666666666666666,
  (0, 34, 169, 0, 0, 0, 'call'): 26.666666666666664,
  (0, 34, 169, 0, 0, 0, 'fold'): -53.333333333333336,
  (0, 34, 169, 0, 0, 0, 'raise'): 26.666666666666664,
  (0, 35, 9, 0, 0, 0, 'call'): -4.444444444444445,
  (0, 35, 9, 0, 0, 0, 'fold'): 2.222222222222222,
  (0, 35, 9, 0, 0, 0, 'raise'): 2.222222222222222,
  (0, 35, 9, 6, 0, 0, 'call'): -13.333333333333334,
  (0, 35, 9, 6, 0, 0, 'fold'): 6.666666666666666,
  (0, 35, 9, 6, 0, 0, 'raise'): 6.666666666666666,
  (0, 52, 5, 5, 0, 0, 'call'): -20.0,
  (0, 52, 5, 5, 0, 0, 'fold'): -20.0,
  (0, 52, 5, 5, 0, 0, 'raise'): 40.0,
  (0, 68, 5, 41, 0, 0, 'call'): 20.0,
  (0, 68, 5, 41, 0, 0, 'fold'): -40.0,
  (0, 68, 5, 41, 0, 0, 'raise'): 20.0,
  (0, 79, 41, 5, 0, 0, 'call'): 22.22222222222222,
  (0, 79, 41, 5, 0, 0, 'fold'): -11.111111111111109,
  (0, 79, 41, 5, 0, 0, 'raise'): -11.111111111111109,
  (0, 89, 41, 105, 0, 0, 'call'): 22.22222222222222,
  (0, 89, 41, 105, 0, 0, 'fold'): -11.111111111111109,
  (0, 89, 41, 105, 0, 0, 'raise'): -11.111111111111109,
  (0, 94, 9, 25, 0, 0, 'call'): 11.111111111111109,
  (0, 94, 9, 25, 0, 0, 'fold'): 11.111111111111109,
  (0, 94, 9, 25, 0, 0, 'raise'): -22.22222222222222,
  (0, 106, 41, 41, 0, 0, 'call'): 33.33333333333333,
  (0, 106, 41, 41, 0, 0, 'fold'): -66.66666666666667,
  (0, 106, 41, 41, 0, 0, 'raise'): 33.33333333333333,
  (0, 116, 9, 25, 0, 0, 'call'): 20.0,
  (0, 116, 9, 25, 0, 0, 'fold'): -40.0,
  (0, 116, 9, 25, 0, 0, 'raise'): 20.0,
  (0, 122, 9, 5, 0, 0, 'call'): 8.888888888888888,
  (0, 122, 9, 5, 0, 0, 'fold'): 8.888888888888888,
  (0, 122, 9, 5, 0, 0, 'raise'): -17.77777777777778,
  (0, 122, 9, 5, 10, 0, 'call'): 26.666666666666664,
  (0, 122, 9, 5, 10, 0, 'fold'): 26.666666666666664,
  (0, 122, 9, 5, 10, 0, 'raise'): -53.333333333333336,
  (0, 122, 9, 5, 170, 0, 'call'): 80.0,
  (0, 122, 9, 5, 170, 0, 'fold'): -80.0,
  (0, 122, 9, 5, 170, 0, 'raise'): 0,
  (0, 130, 9, 5, 0, 0, 'call'): 13.333333333333332,
  (0, 130, 9, 5, 0, 0, 'fold'): -26.666666666666668,
  (0, 130, 9, 5, 0, 0, 'raise'): 13.333333333333332,
  (0, 134, 9, 41, 0, 0, 'call'): 53.333333333333336,
  (0, 134, 9, 41, 0, 0, 'fold'): -26.666666666666664,
  (0, 134, 9, 41, 0, 0, 'raise'): -26.666666666666664,
  (0, 136, 169, 41, 0, 0, 'call'): 26.666666666666664,
  (0, 136, 169, 41, 0, 0, 'fold'): 26.666666666666664,
  (0, 136, 169, 41, 0, 0, 'raise'): -53.333333333333336,
  (0, 159, 5, 9, 0, 0, 'call'): 8.88888888888889,
  (0, 159, 5, 9, 0, 0, 'fold'): -4.444444444444444,
  (0, 159, 5, 9, 0, 0, 'raise'): -4.444444444444444,
  (0, 159, 5, 9, 6, 0, 'call'): -13.333333333333332,
  (0, 159, 5, 9, 6, 0, 'fold'): -13.333333333333332,
  (0, 159, 5, 9, 6, 0, 'raise'): 26.666666666666668,
  (0, 160, 169, 5, 0, 0, 'call'): -11.111111111111109,
  (0, 160, 169, 5, 0, 0, 'fold'): -11.111111111111109,
  (0, 160, 169, 5, 0, 0, 'raise'): 22.22222222222222,
  (0, 160, 169, 5, 10, 0, 'call'): -33.33333333333333,
  (0, 160, 169, 5, 10, 0, 'fold'): -33.33333333333333,
  (0, 160, 169, 5, 10, 0, 'raise'): 66.66666666666667,
  (0, 194, 9, 9, 0, 0, 'call'): -2.716049382716049,
  (0, 194, 9, 9, 0, 0, 'fold'): 1.3580246913580245,
  (0, 194, 9, 9, 0, 0, 'raise'): 1.3580246913580245,
  (0, 194, 9, 9, 6, 0, 'call'): -8.148148148148149,
  (0, 194, 9, 9, 6, 0, 'fold'): 4.0740740740740735,
  (0, 194, 9, 9, 6, 0, 'raise'): 4.0740740740740735,
  (0, 201, 41, 25, 0, 0, 'call'): -40.0,
  (0, 201, 41, 25, 0, 0, 'fold'): -40.0,
  (0, 201, 41, 25, 0, 0, 'raise'): 80.0,
  (0, 215, 9, 25, 0, 0, 'call'): 20.0,
  (0, 215, 9, 25, 0, 0, 'fold'): -40.0,
  (0, 215, 9, 25, 0, 0, 'raise'): 20.0,
  (0, 478, 41, 5, 5, 0, 'call'): -33.33333333333333,
  (0, 478, 41, 5, 5, 0, 'fold'): -33.33333333333333,
  (0, 478, 41, 5, 5, 0, 'raise'): 66.66666666666667,
  (0, 535, 41, 105, 5, 0, 'call'): 66.66666666666667,
  (0, 535, 41, 105, 5, 0, 'fold'): -33.33333333333333,
  (0, 535, 41, 105, 5, 0, 'raise'): -33.33333333333333,
  (0, 566, 9, 25, 9, 0, 'call'): 33.33333333333333,
  (0, 566, 9, 25, 9, 0, 'fold'): -66.66666666666667,
  (0, 566, 9, 25, 9, 0, 'raise'): 33.33333333333333,
  (0, 820, 169, 41, 9, 0, 'call'): 80.0,
  (0, 820, 169, 41, 9, 0, 'fold'): -80.0,
  (0, 820, 169, 41, 9, 0, 'raise'): 0,
  (0, 957, 5, 9, 105, 0, 'call'): 80.0,
  (0, 957, 5, 9, 105, 0, 'fold'): -40.0,
  (0, 957, 5, 9, 105, 0, 'raise'): -40.0,
  (0, 963, 169, 5, 169, 0, 'call'): 100.0,
  (0, 963, 169, 5, 169, 0, 'fold'): -100.0,
  (0, 963, 169, 5, 169, 0, 'raise'): 0,
  (0, 1168, 9, 9, 25, 0, 'call'): 12.222222222222221,
  (0, 1168, 9, 9, 25, 0, 'fold'): 12.222222222222221,
  (0, 1168, 9, 9, 25, 0, 'raise'): -24.444444444444443,
  (0, 1168, 9, 9, 25, 10, 'call'): 36.666666666666664,
  (0, 1168, 9, 9, 25, 10, 'fold'): 36.666666666666664,
  (0, 1168, 9, 9, 25, 10, 'raise'): -73.33333333333334,
  (0, 1168, 9, 9, 25, 170, 'call'): 110.0,
  (0, 1168, 9, 9, 25, 170, 'fold'): -110.0,
  (0, 1168, 9, 9, 25, 170, 'raise'): 0,
  (1, 1, 1, 0, 0, 0, 'call'): 7.365407526091156,
  (1, 1, 1, 0, 0, 0, 'fold'): 13.126724398519137,
  (1, 1, 1, 0, 0, 0, 'raise'): -0.20660893481419595,
  (1, 1, 2, 0, 0, 0, 'call'): 30.0,
  (1, 1, 2, 0, 0, 0, 'fold'): -61.111111111111114,
  (1, 1, 2, 0, 0, 0, 'raise'): -211.11111111111111,
  (1, 1, 42, 0, 0, 0, 'call'): 30.0,
  (1, 1, 42, 0, 0, 0, 'fold'): -30.0,
  (1, 1, 42, 0, 0, 0, 'raise'): 0,
  (1, 2, 1, 0, 0, 0, 'call'): 14.444444444444443,
  (1, 2, 1, 0, 0, 0, 'fold'): -185.55555555555557,
  (1, 2, 1, 0, 0, 0, 'raise'): -152.2222222222222,
  (1, 2, 2, 0, 0, 0, 'call'): -131.11111111111111,
  (1, 2, 2, 0, 0, 0, 'fold'): -131.11111111111111,
  (1, 2, 2, 0, 0, 0, 'raise'): 40.0,
  (1, 2, 42, 0, 0, 0, 'call'): 40.0,
  (1, 2, 42, 0, 0, 0, 'fold'): -24.44444444444445,
  (1, 2, 42, 0, 0, 0, 'raise'): 0,
  (1, 3, 1, 0, 0, 0, 'call'): 32.44444444444444,
  (1, 3, 1, 0, 0, 0, 'fold'): -139.03703703703704,
  (1, 3, 1, 0, 0, 0, 'raise'): -125.70370370370368,
  (1, 3, 2, 0, 0, 0, 'call'): 1.1111111111111107,
  (1, 3, 2, 0, 0, 0, 'fold'): 14.444444444444443,
  (1, 3, 2, 0, 0, 0, 'raise'): -5.555555555555556,
  (1, 3, 26, 0, 0, 0, 'call'): 40.0,
  (1, 3, 26, 0, 0, 0, 'fold'): -20.0,
  (1, 3, 26, 0, 0, 0, 'raise'): -20.0,
  (1, 4, 1, 0, 0, 0, 'call'): 13.333333333333334,
  (1, 4, 1, 0, 0, 0, 'fold'): 2.2222222222222223,
  (1, 4, 1, 0, 0, 0, 'raise'): 2.2222222222222223,
  (1, 4, 2, 0, 0, 0, 'call'): 13.333333333333332,
  (1, 4, 2, 0, 0, 0, 'fold'): -40.0,
  (1, 4, 2, 0, 0, 0, 'raise'): -100.0,
  (1, 5, 1, 0, 0, 0, 'call'): 17.078189300411523,
  (1, 5, 1, 0, 0, 0, 'fold'): -280.3292181069958,
  (1, 5, 1, 0, 0, 0, 'raise'): -89.95884773662551,
  (1, 5, 2, 0, 0, 0, 'call'): -147.77777777777777,
  (1, 5, 2, 0, 0, 0, 'fold'): -147.77777777777777,
  (1, 5, 2, 0, 0, 0, 'raise'): 40.0,
  (1, 5, 26, 0, 0, 0, 'call'): -5.925925925925926,
  (1, 5, 26, 0, 0, 0, 'fold'): 2.9629629629629624,
  (1, 5, 26, 0, 0, 0, 'raise'): 2.9629629629629624,
  (1, 5, 42, 0, 0, 0, 'call'): 7.777777777777777,
  (1, 5, 42, 0, 0, 0, 'fold'): -7.777777777777777,
  (1, 5, 42, 0, 0, 0, 'raise'): 0,
  (1, 7, 5, 1, 0, 0, 'call'): 6.666666666666666,
  (1, 7, 5, 1, 0, 0, 'fold'): -13.333333333333334,
  (1, 7, 5, 1, 0, 0, 'raise'): 6.666666666666666,
  (1, 7, 9, 1, 0, 0, 'call'): -20.0,
  (1, 7, 9, 1, 0, 0, 'fold'): -20.0,
  (1, 7, 9, 1, 0, 0, 'raise'): 40.0,
  (1, 8, 25, 2, 0, 0, 'call'): -13.333333333333334,
  (1, 8, 25, 2, 0, 0, 'fold'): 6.666666666666666,
  (1, 8, 25, 2, 0, 0, 'raise'): 6.666666666666666,
  (1, 9, 5, 1, 0, 0, 'call'): 6.666666666666666,
  (1, 9, 5, 1, 0, 0, 'fold'): -13.333333333333334,
  (1, 9, 5, 1, 0, 0, 'raise'): 6.666666666666666,
  (1, 9, 5, 2, 0, 0, 'call'): 2.304526748971193,
  (1, 9, 5, 2, 0, 0, 'fold'): -1.1522633744855963,
  (1, 9, 5, 2, 0, 0, 'raise'): -1.1522633744855963,
  (1, 9, 9, 2, 0, 0, 'call'): 8.888888888888888,
  (1, 9, 9, 2, 0, 0, 'fold'): 8.888888888888888,
  (1, 9, 9, 2, 0, 0, 'raise'): -17.77777777777778,
  (1, 10, 5, 1, 0, 0, 'call'): -13.333333333333332,
  (1, 10, 5, 1, 0, 0, 'fold'): -13.333333333333332,
  (1, 10, 5, 1, 0, 0, 'raise'): 26.666666666666668,
  (1, 10, 5, 2, 0, 0, 'call'): -4.93827160493827,
  (1, 10, 5, 2, 0, 0, 'fold'): 2.469135802469135,
  (1, 10, 5, 2, 0, 0, 'raise'): 2.469135802469135,
  (1, 11, 5, 2, 0, 0, 'call'): -8.88888888888889,
  (1, 11, 5, 2, 0, 0, 'fold'): 4.444444444444444,
  (1, 11, 5, 2, 0, 0, 'raise'): 4.444444444444444,
  (1, 14, 25, 1, 0, 0, 'call'): 13.333333333333332,
  (1, 14, 25, 1, 0, 0, 'fold'): -26.666666666666668,
  (1, 14, 25, 1, 0, 0, 'raise'): 13.333333333333332,
  (1, 15, 5, 2, 0, 0, 'call'): 26.666666666666664,
  (1, 15, 5, 2, 0, 0, 'fold'): -53.333333333333336,
  (1, 15, 5, 2, 0, 0, 'raise'): -13.333333333333334,
  (1, 16, 5, 2, 0, 0, 'call'): 26.666666666666668,
  (1, 16, 5, 2, 0, 0, 'fold'): -13.333333333333332,
  (1, 16, 5, 2, 0, 0, 'raise'): -13.333333333333332,
  (1, 16, 41, 2, 0, 0, 'call'): 53.333333333333336,
  (1, 16, 41, 2, 0, 0, 'fold'): -26.666666666666664,
  (1, 16, 41, 2, 0, 0, 'raise'): -26.666666666666664,
  (1, 16, 169, 1, 0, 0, 'call'): -17.77777777777778,
  (1, 16, 169, 1, 0, 0, 'fold'): 8.888888888888888,
  (1, 16, 169, 1, 0, 0, 'raise'): 8.888888888888888,
  (1, 16, 169, 2, 0, 0, 'call'): -13.333333333333334,
  (1, 16, 169, 2, 0, 0, 'fold'): 6.666666666666666,
  (1, 16, 169, 2, 0, 0, 'raise'): 6.666666666666666,
  (1, 17, 5, 1, 0, 0, 'call'): 6.666666666666666,
  (1, 17, 5, 1, 0, 0, 'fold'): -13.333333333333334,
  (1, 17, 5, 1, 0, 0, 'raise'): 6.666666666666666,
  (1, 19, 25, 2, 0, 0, 'call'): 13.333333333333332,
  (1, 19, 25, 2, 0, 0, 'fold'): -26.666666666666668,
  (1, 19, 25, 2, 0, 0, 'raise'): 13.333333333333332,
  (1, 20, 5, 2, 0, 0, 'call'): -18.14814814814815,
  (1, 20, 5, 2, 0, 0, 'fold'): -18.14814814814815,
  (1, 20, 5, 2, 0, 0, 'raise'): 40.0,
  (1, 20, 25, 1, 0, 0, 'call'): 13.333333333333332,
  (1, 20, 25, 1, 0, 0, 'fold'): -26.666666666666668,
  (1, 20, 25, 1, 0, 0, 'raise'): 13.333333333333332,
  (1, 22, 5, 1, 0, 0, 'call'): -33.33333333333333,
  (1, 22, 5, 1, 0, 0, 'fold'): -33.33333333333333,
  (1, 22, 5, 1, 0, 0, 'raise'): 26.666666666666668,
  (1, 22, 5, 26, 0, 0, 'call'): 40.0,
  (1, 22, 5, 26, 0, 0, 'fold'): -20.0,
  (1, 22, 5, 26, 0, 0, 'raise'): -20.0,
  (1, 23, 9, 1, 0, 0, 'call'): 13.333333333333332,
  (1, 23, 9, 1, 0, 0, 'fold'): -26.666666666666668,
  (1, 23, 9, 1, 0, 0, 'raise'): 13.333333333333332,
  (1, 23, 41, 1, 0, 0, 'call'): 20.0,
  (1, 23, 41, 1, 0, 0, 'fold'): -40.0,
  (1, 23, 41, 1, 0, 0, 'raise'): 20.0,
  (1, 25, 41, 2, 0, 0, 'call'): 20.0,
  (1, 25, 41, 2, 0, 0, 'fold'): -40.0,
  (1, 25, 41, 2, 0, 0, 'raise'): 20.0,
  (1, 26, 5, 1, 0, 0, 'call'): 4.444444444444445,
  (1, 26, 5, 1, 0, 0, 'fold'): -2.222222222222222,
  (1, 26, 5, 1, 0, 0, 'raise'): -2.222222222222222,
  (1, 26, 5, 2, 0, 0, 'call'): -8.88888888888889,
  (1, 26, 5, 2, 0, 0, 'fold'): 4.444444444444444,
  (1, 26, 5, 2, 0, 0, 'raise'): 4.444444444444444,
  (1, 26, 9, 1, 0, 0, 'call'): 26.666666666666668,
  (1, 26, 9, 1, 0, 0, 'fold'): -13.333333333333332,
  (1, 26, 9, 1, 0, 0, 'raise'): -13.333333333333332,
  (1, 29, 5, 2, 0, 0, 'call'): 6.666666666666666,
  (1, 29, 5, 2, 0, 0, 'fold'): -13.333333333333334,
  (1, 29, 5, 2, 0, 0, 'raise'): 6.666666666666666,
  (1, 31, 5, 1, 0, 0, 'call'): -0.7407407407407406,
  (1, 31, 5, 1, 0, 0, 'fold'): -0.7407407407407406,
  (1, 31, 5, 1, 0, 0, 'raise'): 1.4814814814814814,
  (1, 31, 5, 2, 0, 0, 'call'): 6.666666666666666,
  (1, 31, 5, 2, 0, 0, 'fold'): -13.333333333333334,
  (1, 31, 5, 2, 0, 0, 'raise'): 6.666666666666666,
  (1, 31, 5, 26, 0, 0, 'call'): 4.444444444444445,
  (1, 31, 5, 26, 0, 0, 'fold'): -2.222222222222222,
  (1, 31, 5, 26, 0, 0, 'raise'): -2.222222222222222,
  (1, 32, 5, 2, 0, 0, 'call'): -9.999999999999998,
  (1, 32, 5, 2, 0, 0, 'fold'): -50.0,
  (1, 32, 5, 2, 0, 0, 'raise'): 23.33333333333333,
  (1, 32, 5, 42, 0, 0, 'call'): -33.33333333333333,
  (1, 32, 5, 42, 0, 0, 'fold'): -33.33333333333333,
  (1, 32, 5, 42, 0, 0, 'raise'): 66.66666666666667,
  (1, 32, 105, 2, 0, 0, 'call'): -17.77777777777778,
  (1, 32, 105, 2, 0, 0, 'fold'): 8.888888888888888,
  (1, 32, 105, 2, 0, 0, 'raise'): 8.888888888888888,
  (1, 35, 5, 2, 0, 0, 'call'): 6.666666666666666,
  (1, 35, 5, 2, 0, 0, 'fold'): -13.333333333333334,
  (1, 35, 5, 2, 0, 0, 'raise'): 6.666666666666666,
  (1, 35, 169, 1, 0, 0, 'call'): -15.555555555555554,
  (1, 35, 169, 1, 0, 0, 'fold'): -15.555555555555554,
  (1, 35, 169, 1, 0, 0, 'raise'): 31.11111111111111,
  (1, 35, 169, 26, 0, 0, 'call'): -46.666666666666664,
  (1, 35, 169, 26, 0, 0, 'fold'): -46.666666666666664,
  (1, 35, 169, 26, 0, 0, 'raise'): 93.33333333333334,
  (1, 49, 25, 9, 1, 0, 'call'): 20.0,
  (1, 49, 25, 9, 1, 0, 'fold'): -40.0,
  (1, 49, 25, 9, 1, 0, 'raise'): 20.0,
  (1, 58, 9, 41, 2, 0, 'call'): 26.666666666666664,
  (1, 58, 9, 41, 2, 0, 'fold'): -53.333333333333336,
  (1, 58, 9, 41, 2, 0, 'raise'): 26.666666666666664,
  (1, 59, 5, 9, 2, 0, 'call'): -3.4567901234567895,
  (1, 59, 5, 9, 2, 0, 'fold'): -3.4567901234567895,
  (1, 59, 5, 9, 2, 0, 'raise'): 6.913580246913579,
  (1, 59, 5, 9, 42, 0, 'call'): 20.74074074074074,
  (1, 59, 5, 9, 42, 0, 'fold'): -10.370370370370368,
  (1, 59, 5, 9, 42, 0, 'raise'): -10.370370370370368,
  (1, 64, 5, 9, 2, 0, 'call'): 7.407407407407406,
  (1, 64, 5, 9, 2, 0, 'fold'): 7.407407407407406,
  (1, 64, 5, 9, 2, 0, 'raise'): -14.814814814814813,
  (1, 64, 5, 9, 42, 0, 'call'): 22.222222222222218,
  (1, 64, 5, 9, 42, 0, 'fold'): 22.222222222222218,
  (1, 64, 5, 9, 42, 0, 'raise'): -44.44444444444444,
  (1, 69, 5, 9, 1, 0, 'call'): 13.333333333333332,
  (1, 69, 5, 9, 1, 0, 'fold'): -26.666666666666668,
  (1, 69, 5, 9, 1, 0, 'raise'): 13.333333333333332,
  (1, 92, 5, 9, 2, 0, 'call'): -40.0,
  (1, 92, 5, 9, 2, 0, 'fold'): -40.0,
  (1, 92, 5, 9, 2, 0, 'raise'): 80.0,
  (1, 98, 169, 9, 1, 0, 'call'): 20.0,
  (1, 98, 169, 9, 1, 0, 'fold'): 20.0,
  (1, 98, 169, 9, 1, 0, 'raise'): -40.0,
  (1, 100, 169, 5, 1, 0, 'call'): 26.666666666666664,
  (1, 100, 169, 5, 1, 0, 'fold'): -53.333333333333336,
  (1, 100, 169, 5, 1, 0, 'raise'): 26.666666666666664,
  (1, 122, 5, 41, 1, 0, 'call'): 1.8518518518518514,
  (1, 122, 5, 41, 1, 0, 'fold'): 1.8518518518518514,
  (1, 122, 5, 41, 1, 0, 'raise'): -3.7037037037037033,
  (1, 122, 5, 41, 26, 0, 'call'): 5.5555555555555545,
  (1, 122, 5, 41, 26, 0, 'fold'): 5.5555555555555545,
  (1, 122, 5, 41, 26, 0, 'raise'): -11.11111111111111,
  (1, 122, 5, 41, 426, 0, 'call'): -16.666666666666664,
  (1, 122, 5, 41, 426, 0, 'fold'): 16.666666666666664,
  (1, 122, 5, 41, 426, 0, 'raise'): 0,
  (1, 160, 5, 5, 1, 0, 'call'): 13.333333333333334,
  (1, 160, 5, 5, 1, 0, 'fold'): -6.666666666666666,
  (1, 160, 5, 5, 1, 0, 'raise'): -6.666666666666666,
  (1, 160, 5, 9, 1, 0, 'call'): 13.333333333333332,
  (1, 160, 5, 9, 1, 0, 'fold'): -26.666666666666668,
  (1, 160, 5, 9, 1, 0, 'raise'): 13.333333333333332,
  (1, 190, 5, 105, 1, 0, 'call'): 13.333333333333334,
  (1, 190, 5, 105, 1, 0, 'fold'): -6.666666666666666,
  (1, 190, 5, 105, 1, 0, 'raise'): -6.666666666666666,
  (1, 194, 105, 9, 2, 0, 'call'): 26.666666666666664,
  (1, 194, 105, 9, 2, 0, 'fold'): -53.333333333333336,
  (1, 194, 105, 9, 2, 0, 'raise'): 26.666666666666664,
  (1, 357, 5, 9, 169, 2, 'call'): -31.111111111111107,
  (1, 357, 5, 9, 169, 2, 'fold'): -31.111111111111107,
  (1, 357, 5, 9, 169, 2, 'raise'): 62.22222222222222,
  (1, 357, 5, 9, 169, 42, 'call'): 186.66666666666669,
  (1, 357, 5, 9, 169, 42, 'fold'): -93.33333333333333,
  (1, 357, 5, 9, 169, 42, 'raise'): -93.33333333333333,
  (1, 386, 5, 9, 681, 1, 'call'): 66.66666666666666,
  (1, 386, 5, 9, 681, 1, 'fold'): -133.33333333333334,
  (1, 386, 5, 9, 681, 1, 'raise'): 66.66666666666666,
  (1, 589, 169, 9, 25, 2, 'call'): -120.0,
  (1, 589, 169, 9, 25, 2, 'fold'): 60.0,
  (1, 589, 169, 9, 25, 2, 'raise'): 60.0,
  (1, 737, 5, 41, 1705, 2, 'call'): 33.33333333333333,
  (1, 737, 5, 41, 1705, 2, 'fold'): 33.33333333333333,
  (1, 737, 5, 41, 1705, 2, 'raise'): -66.66666666666667,
  (1, 737, 5, 41, 1705, 42, 'call'): 100.0,
  (1, 737, 5, 41, 1705, 42, 'fold'): -200.0,
  (1, 737, 5, 41, 1705, 42, 'raise'): 100.0,
  (1, 1144, 5, 105, 5, 1, 'call'): 40.0,
  (1, 1144, 5, 105, 5, 1, 'fold'): -20.0,
  (1, 1144, 5, 105, 5, 1, 'raise'): -20.0}
{ (0, 1, 7, 0, 0, 0): 20,
  (0, 1, 27, 0, 0, 0): -20,
  (0, 2, 3, 0, 0, 0): -10,
  (0, 2, 11, 0, 0, 0): 80,
  (0, 2, 27, 0, 0, 0): -20,
  (0, 2, 43, 0, 0, 0): -40,
  (0, 3, 3, 0, 0, 0): -10,
  (0, 3, 11, 0, 0, 0): 40,
  (0, 3, 27, 0, 0, 0): -20,
  (0, 3, 43, 0, 0, 0): -40,
  (0, 4, 3, 0, 0, 0): -20,
  (0, 4, 7, 0, 0, 0): 40,
  (0, 4, 107, 0, 0, 0): 120,
  (0, 4, 427, 0, 0, 0): -60,
  (0, 5, 3, 0, 0, 0): -10,
  (0, 5, 43, 0, 0, 0): -40,
  (0, 7, 5, 7, 0, 0): 20,
  (0, 7, 105, 7, 0, 0): 60,
  (0, 8, 5, 3, 0, 0): -20,
  (0, 10, 5, 11, 0, 0): 80,
  (0, 13, 41, 7, 0, 0): 120,
  (0, 14, 9, 11, 0, 0): 60,
  (0, 14, 41, 7, 0, 0): 60,
  (0, 16, 169, 3, 0, 0): -80,
  (0, 17, 9, 3, 0, 0): -40,
  (0, 17, 41, 3, 0, 0): -60,
  (0, 20, 9, 3, 0, 0): -40,
  (0, 20, 41, 3, 0, 0): -60,
  (0, 21, 9, 11, 0, 0): 60,
  (0, 23, 9, 7, 0, 0): 40,
  (0, 23, 9, 27, 0, 0): -40,
  (0, 25, 9, 3, 0, 0): -40,
  (0, 25, 425, 3, 0, 0): -80,
  (0, 26, 5, 3, 0, 0): -20,
  (0, 27, 5, 27, 0, 0): -20,
  (0, 27, 425, 3, 0, 0): -80,
  (0, 32, 9, 11, 0, 0): 60,
  (0, 33, 9, 11, 0, 0): 120,
  (0, 33, 41, 7, 0, 0): 60,
  (0, 34, 5, 3, 0, 0): -20,
  (0, 34, 169, 3, 0, 0): -80,
  (0, 52, 5, 5, 11, 0): 60,
  (0, 68, 5, 41, 3, 0): -60,
  (0, 106, 41, 41, 3, 0): -100,
  (0, 116, 9, 25, 3, 0): -60,
  (0, 122, 9, 5, 683, 0): -160,
  (0, 130, 9, 5, 3, 0): -40,
  (0, 134, 9, 41, 7, 0): 80,
  (0, 201, 41, 25, 11, 0): 120,
  (0, 215, 9, 25, 3, 0): -60,
  (0, 478, 41, 5, 5, 11): 100,
  (0, 535, 41, 105, 5, 7): 100,
  (0, 566, 9, 25, 9, 3): -100,
  (0, 820, 169, 41, 9, 3): -160,
  (0, 957, 5, 9, 105, 5): 120,
  (0, 963, 169, 5, 169, 7): 200,
  (0, 1168, 9, 9, 25, 683): -220,
  (1, 1, 3, 0, 0, 0): 20,
  (1, 1, 171, 0, 0, 0): -60,
  (1, 2, 3, 0, 0, 0): 40,
  (1, 2, 7, 0, 0, 0): -20,
  (1, 2, 43, 0, 0, 0): 60,
  (1, 3, 3, 0, 0, 0): 20,
  (1, 3, 7, 0, 0, 0): -20,
  (1, 5, 3, 0, 0, 0): 20,
  (1, 5, 7, 0, 0, 0): -20,
  (1, 5, 43, 0, 0, 0): 60,
  (1, 7, 5, 7, 0, 0): -20,
  (1, 7, 9, 27, 0, 0): 60,
  (1, 8, 9, 3, 0, 0): 40,
  (1, 9, 5, 7, 0, 0): -20,
  (1, 9, 9, 3, 0, 0): 40,
  (1, 10, 5, 27, 0, 0): 40,
  (1, 14, 25, 7, 0, 0): -40,
  (1, 15, 5, 11, 0, 0): -20,
  (1, 15, 169, 3, 0, 0): 80,
  (1, 16, 5, 3, 0, 0): 40,
  (1, 16, 41, 3, 0, 0): 60,
  (1, 17, 5, 7, 0, 0): -20,
  (1, 19, 25, 11, 0, 0): -40,
  (1, 20, 25, 7, 0, 0): -40,
  (1, 21, 105, 3, 0, 0): 60,
  (1, 22, 5, 3, 0, 0): 20,
  (1, 22, 5, 27, 0, 0): 40,
  (1, 23, 9, 7, 0, 0): -40,
  (1, 23, 41, 7, 0, 0): -60,
  (1, 25, 41, 11, 0, 0): -60,
  (1, 28, 5, 3, 0, 0): 20,
  (1, 28, 9, 3, 0, 0): 40,
  (1, 29, 5, 11, 0, 0): -20,
  (1, 31, 5, 3, 0, 0): 20,
  (1, 31, 5, 11, 0, 0): -20,
  (1, 32, 5, 11, 0, 0): -20,
  (1, 32, 41, 3, 0, 0): 120,
  (1, 33, 5, 3, 0, 0): 40,
  (1, 34, 5, 3, 0, 0): 20,
  (1, 35, 5, 11, 0, 0): -20,
  (1, 35, 169, 427, 0, 0): 140,
  (1, 49, 25, 9, 7, 0): -60,
  (1, 58, 9, 41, 11, 0): -80,
  (1, 69, 5, 9, 7, 0): -40,
  (1, 98, 41, 9, 3, 0): 80,
  (1, 99, 5, 9, 3, 0): 40,
  (1, 100, 169, 5, 7, 0): -80,
  (1, 123, 5, 41, 3, 0): 60,
  (1, 136, 5, 105, 3, 0): 60,
  (1, 160, 5, 9, 7, 0): -40,
  (1, 160, 9, 5, 3, 0): 40,
  (1, 194, 105, 9, 11, 0): -80,
  (1, 195, 5, 681, 3, 0): 100,
  (1, 357, 5, 9, 169, 169): 280,
  (1, 386, 5, 9, 681, 7): -200,
  (1, 554, 5, 9, 41, 3): 120,
  (1, 589, 169, 9, 25, 9): -180,
  (1, 737, 5, 41, 1705, 171): -300,
  (1, 962, 5, 5, 5, 3): 20,
  (1, 1144, 5, 105, 5, 5): 60}
{ (0, 1, 7, 0, 0, 0): 1,
  (0, 1, 27, 0, 0, 0): 1,
  (0, 2, 3, 0, 0, 0): 1,
  (0, 2, 11, 0, 0, 0): 2,
  (0, 2, 27, 0, 0, 0): 1,
  (0, 2, 43, 0, 0, 0): 1,
  (0, 3, 3, 0, 0, 0): 1,
  (0, 3, 11, 0, 0, 0): 1,
  (0, 3, 27, 0, 0, 0): 1,
  (0, 3, 43, 0, 0, 0): 1,
  (0, 4, 3, 0, 0, 0): 2,
  (0, 4, 7, 0, 0, 0): 2,
  (0, 4, 107, 0, 0, 0): 2,
  (0, 4, 427, 0, 0, 0): 1,
  (0, 5, 3, 0, 0, 0): 1,
  (0, 5, 43, 0, 0, 0): 1,
  (0, 7, 5, 7, 0, 0): 1,
  (0, 7, 105, 7, 0, 0): 1,
  (0, 8, 5, 3, 0, 0): 1,
  (0, 10, 5, 11, 0, 0): 2,
  (0, 13, 41, 7, 0, 0): 2,
  (0, 14, 9, 11, 0, 0): 1,
  (0, 14, 41, 7, 0, 0): 1,
  (0, 16, 169, 3, 0, 0): 1,
  (0, 17, 9, 3, 0, 0): 1,
  (0, 17, 41, 3, 0, 0): 1,
  (0, 20, 9, 3, 0, 0): 1,
  (0, 20, 41, 3, 0, 0): 1,
  (0, 21, 9, 11, 0, 0): 1,
  (0, 23, 9, 7, 0, 0): 1,
  (0, 23, 9, 27, 0, 0): 1,
  (0, 25, 9, 3, 0, 0): 1,
  (0, 25, 425, 3, 0, 0): 1,
  (0, 26, 5, 3, 0, 0): 1,
  (0, 27, 5, 27, 0, 0): 1,
  (0, 27, 425, 3, 0, 0): 1,
  (0, 32, 9, 11, 0, 0): 1,
  (0, 33, 9, 11, 0, 0): 2,
  (0, 33, 41, 7, 0, 0): 1,
  (0, 34, 5, 3, 0, 0): 1,
  (0, 34, 169, 3, 0, 0): 1,
  (0, 52, 5, 5, 11, 0): 1,
  (0, 68, 5, 41, 3, 0): 1,
  (0, 106, 41, 41, 3, 0): 1,
  (0, 116, 9, 25, 3, 0): 1,
  (0, 122, 9, 5, 683, 0): 1,
  (0, 130, 9, 5, 3, 0): 1,
  (0, 134, 9, 41, 7, 0): 1,
  (0, 201, 41, 25, 11, 0): 1,
  (0, 215, 9, 25, 3, 0): 1,
  (0, 478, 41, 5, 5, 11): 1,
  (0, 535, 41, 105, 5, 7): 1,
  (0, 566, 9, 25, 9, 3): 1,
  (0, 820, 169, 41, 9, 3): 1,
  (0, 957, 5, 9, 105, 5): 1,
  (0, 963, 169, 5, 169, 7): 1,
  (0, 1168, 9, 9, 25, 683): 1,
  (1, 1, 3, 0, 0, 0): 1,
  (1, 1, 171, 0, 0, 0): 1,
  (1, 2, 3, 0, 0, 0): 2,
  (1, 2, 7, 0, 0, 0): 1,
  (1, 2, 43, 0, 0, 0): 1,
  (1, 3, 3, 0, 0, 0): 1,
  (1, 3, 7, 0, 0, 0): 1,
  (1, 5, 3, 0, 0, 0): 1,
  (1, 5, 7, 0, 0, 0): 1,
  (1, 5, 43, 0, 0, 0): 1,
  (1, 7, 5, 7, 0, 0): 1,
  (1, 7, 9, 27, 0, 0): 1,
  (1, 8, 9, 3, 0, 0): 1,
  (1, 9, 5, 7, 0, 0): 1,
  (1, 9, 9, 3, 0, 0): 1,
  (1, 10, 5, 27, 0, 0): 1,
  (1, 14, 25, 7, 0, 0): 1,
  (1, 15, 5, 11, 0, 0): 1,
  (1, 15, 169, 3, 0, 0): 1,
  (1, 16, 5, 3, 0, 0): 2,
  (1, 16, 41, 3, 0, 0): 1,
  (1, 17, 5, 7, 0, 0): 1,
  (1, 19, 25, 11, 0, 0): 1,
  (1, 20, 25, 7, 0, 0): 1,
  (1, 21, 105, 3, 0, 0): 1,
  (1, 22, 5, 3, 0, 0): 1,
  (1, 22, 5, 27, 0, 0): 1,
  (1, 23, 9, 7, 0, 0): 1,
  (1, 23, 41, 7, 0, 0): 1,
  (1, 25, 41, 11, 0, 0): 1,
  (1, 28, 5, 3, 0, 0): 1,
  (1, 28, 9, 3, 0, 0): 1,
  (1, 29, 5, 11, 0, 0): 1,
  (1, 31, 5, 3, 0, 0): 1,
  (1, 31, 5, 11, 0, 0): 1,
  (1, 32, 5, 11, 0, 0): 1,
  (1, 32, 41, 3, 0, 0): 2,
  (1, 33, 5, 3, 0, 0): 2,
  (1, 34, 5, 3, 0, 0): 1,
  (1, 35, 5, 11, 0, 0): 1,
  (1, 35, 169, 427, 0, 0): 1,
  (1, 49, 25, 9, 7, 0): 1,
  (1, 58, 9, 41, 11, 0): 1,
  (1, 69, 5, 9, 7, 0): 1,
  (1, 98, 41, 9, 3, 0): 1,
  (1, 99, 5, 9, 3, 0): 1,
  (1, 100, 169, 5, 7, 0): 1,
  (1, 123, 5, 41, 3, 0): 1,
  (1, 136, 5, 105, 3, 0): 1,
  (1, 160, 5, 9, 7, 0): 1,
  (1, 160, 9, 5, 3, 0): 1,
  (1, 194, 105, 9, 11, 0): 1,
  (1, 195, 5, 681, 3, 0): 1,
  (1, 357, 5, 9, 169, 169): 1,
  (1, 386, 5, 9, 681, 7): 1,
  (1, 554, 5, 9, 41, 3): 1,
  (1, 589, 169, 9, 25, 9): 1,
  (1, 737, 5, 41, 1705, 171): 1,
  (1, 962, 5, 5, 5, 3): 1,
  (1, 1144, 5, 105, 5, 5): 1}
